xof 0303txt 0032

template XSkinMeshHeader {
  <3cf169ce-ff7c-44ab-93c0-f78f62d172e2>
  WORD nMaxSkinWeightsPerVertex;
  WORD nMaxSkinWeightsPerFace;
  WORD nBones;
}

template SkinWeights {
  <6f0d123b-bad2-4167-a0d0-80224f25fabb>
  STRING transformNodeName;
  DWORD nWeights;
  array DWORD vertexIndices[nWeights];
  array float weights[nWeights];
  Matrix4x4 matrixOffset;
}

Frame Root {
  FrameTransformMatrix {
     1.000000, 0.000000, 0.000000, 0.000000,
     0.000000,-0.000000, 1.000000, 0.000000,
     0.000000, 1.000000, 0.000000, 0.000000,
     0.000000, 0.000000, 0.000000, 1.000000;;
  }
  Frame metarig {
    FrameTransformMatrix {
       1.000000, 0.000000, 0.000000, 0.000000,
       0.000000, 1.000000,-0.000000, 0.000000,
       0.000000, 0.000000, 1.000000, 0.000000,
       0.000000, 0.006505,-0.117220, 1.000000;;
    }
    Frame metarig_hips {
      FrameTransformMatrix {
        -1.000000, 0.000000, 0.000000, 0.000000,
         0.000000, 0.263805, 0.964576, 0.000000,
         0.000000, 0.964576,-0.263805, 0.000000,
        -0.000000,-0.207286, 0.887148, 1.000000;;
      }
      Frame metarig_spine {
        FrameTransformMatrix {
           1.000000,-0.000000,-0.000001, 0.000000,
           0.000000, 0.992364, 0.123342, 0.000000,
           0.000001,-0.123342, 0.992364, 0.000000,
           0.000000, 0.170662, 0.003680, 1.000000;;
        }
        Frame metarig_chest {
          FrameTransformMatrix {
             1.000000,-0.000000,-0.000000, 0.000000,
             0.000000, 0.999485, 0.032076, 0.000000,
             0.000000,-0.032076, 0.999485, 0.000000,
             0.000000, 0.221830,-0.000000, 1.000000;;
          }
          Frame metarig_chest_001 {
            FrameTransformMatrix {
              -1.000000, 0.000000,-0.000000, 0.000000,
              -0.000000,-0.644507, 0.764599, 0.000000,
               0.000000, 0.764598, 0.644507, 0.000000,
              -0.000000, 0.250139, 0.000000, 1.000000;;
            }
          } // End of metarig_chest_001
          Frame metarig_neck {
            FrameTransformMatrix {
               1.000000, 0.000000, 0.000000, 0.000000,
              -0.000000, 0.983370, 0.181615, 0.000000,
              -0.000000,-0.181615, 0.983370, 0.000000,
              -0.000000, 0.278970, 0.000000, 1.000000;;
            }
            Frame metarig_head {
              FrameTransformMatrix {
                 1.000000, 0.000000, 0.000000, 0.000000,
                 0.000000, 0.930818,-0.365483, 0.000000,
                -0.000000, 0.365483, 0.930818, 0.000000,
                -0.000000, 0.126698,-0.000000, 1.000000;;
              }
              Frame metarig_head_001_L {
                FrameTransformMatrix {
                   0.406995,-0.259656,-0.875748, 0.000000,
                  -0.666557, 0.571103,-0.479106, 0.000000,
                   0.624545, 0.778730, 0.059361, 0.000000,
                   0.000000, 0.743065, 0.200384, 1.000000;;
                }
                Frame metarig_head_001_L_001 {
                  FrameTransformMatrix {
                     0.775095,-0.563631, 0.285565, 0.000000,
                     0.518630, 0.309376,-0.797063, 0.000000,
                     0.360903, 0.765902, 0.532112, 0.000000,
                    -0.000000, 0.533367,-0.000000, 1.000000;;
                  }
                  Frame metarig_head_001_L_002 {
                    FrameTransformMatrix {
                       0.742500,-0.657905, 0.125920, 0.000000,
                       0.050876, 0.242829, 0.968734, 0.000000,
                      -0.667912,-0.712879, 0.213772, 0.000000,
                      -0.000000, 0.356088,-0.000000, 1.000000;;
                    }
                  } // End of metarig_head_001_L_002
                } // End of metarig_head_001_L_001
              } // End of metarig_head_001_L
              Frame metarig_head_001_R {
                FrameTransformMatrix {
                   0.406996, 0.259655, 0.875748, 0.000000,
                   0.666558, 0.571103,-0.479106, 0.000000,
                  -0.624544, 0.778730, 0.059362, 0.000000,
                   0.000000, 0.743065, 0.200384, 1.000000;;
                }
                Frame metarig_head_001_R_001 {
                  FrameTransformMatrix {
                     0.775095, 0.563632,-0.285564, 0.000000,
                    -0.518629, 0.309376,-0.797063, 0.000000,
                    -0.360903, 0.765902, 0.532112, 0.000000,
                     0.000000, 0.533367,-0.000000, 1.000000;;
                  }
                  Frame metarig_head_001_R_002 {
                    FrameTransformMatrix {
                       0.742500, 0.657905,-0.125920, 0.000000,
                      -0.050876, 0.242829, 0.968734, 0.000000,
                       0.667912,-0.712879, 0.213772, 0.000000,
                       0.000000, 0.356088,-0.000000, 1.000000;;
                    }
                  } // End of metarig_head_001_R_002
                } // End of metarig_head_001_R_001
              } // End of metarig_head_001_R
              Frame metarig_head_L {
                FrameTransformMatrix {
                   0.725808,-0.007571, 0.687856, 0.000000,
                   0.595448,-0.493780,-0.633737, 0.000000,
                   0.344448, 0.869554,-0.353881, 0.000000,
                  -0.000000, 0.374343, 0.000000, 1.000000;;
                }
                Frame metarig_head_L_001 {
                  FrameTransformMatrix {
                    -0.778018,-0.456701,-0.431407, 0.000000,
                    -0.246708, 0.853628,-0.458754, 0.000000,
                     0.577774,-0.250488,-0.776809, 0.000000,
                     0.000000, 0.687261,-0.000000, 1.000000;;
                  }
                  Frame metarig_head_L_002 {
                    FrameTransformMatrix {
                       0.994317, 0.104357, 0.021076, 0.000000,
                      -0.105707, 0.991272, 0.078776, 0.000000,
                      -0.012671,-0.080556, 0.996670, 0.000000,
                       0.000000, 0.624316,-0.000000, 1.000000;;
                    }
                  } // End of metarig_head_L_002
                } // End of metarig_head_L_001
              } // End of metarig_head_L
              Frame metarig_head_L_003 {
                FrameTransformMatrix {
                  -0.792220, 0.087346, 0.603952, 0.000000,
                   0.332536,-0.768055, 0.547276, 0.000000,
                   0.511671, 0.634399, 0.579423, 0.000000,
                  -0.000000, 0.374343, 0.000000, 1.000000;;
                }
              } // End of metarig_head_L_003
              Frame metarig_head_R {
                FrameTransformMatrix {
                   0.725807, 0.007572,-0.687857, 0.000000,
                  -0.595449,-0.493780,-0.633736, 0.000000,
                  -0.344449, 0.869554,-0.353881, 0.000000,
                  -0.000000, 0.374343, 0.000000, 1.000000;;
                }
                Frame metarig_head_R_001 {
                  FrameTransformMatrix {
                    -0.778018, 0.456701, 0.431407, 0.000000,
                     0.246707, 0.853628,-0.458754, 0.000000,
                    -0.577775,-0.250488,-0.776809, 0.000000,
                    -0.000000, 0.687261,-0.000000, 1.000000;;
                  }
                  Frame metarig_head_R_002 {
                    FrameTransformMatrix {
                       0.994316,-0.104357,-0.021076, 0.000000,
                       0.105707, 0.991272, 0.078776, 0.000000,
                       0.012671,-0.080556, 0.996669, 0.000000,
                      -0.000000, 0.624316, 0.000000, 1.000000;;
                    }
                  } // End of metarig_head_R_002
                } // End of metarig_head_R_001
              } // End of metarig_head_R
              Frame metarig_head_R_003 {
                FrameTransformMatrix {
                  -0.792221,-0.087345,-0.603951, 0.000000,
                  -0.332535,-0.768055, 0.547276, 0.000000,
                  -0.511670, 0.634398, 0.579424, 0.000000,
                  -0.000000, 0.374343, 0.000000, 1.000000;;
                }
              } // End of metarig_head_R_003
            } // End of metarig_head
          } // End of metarig_neck
          Frame metarig_shoulder_L {
            FrameTransformMatrix {
               0.349585,-0.079123, 0.933558, 0.000000,
               0.936905, 0.030051,-0.348291, 0.000000,
              -0.000497, 0.996412, 0.084637, 0.000000,
               0.019286, 0.220120, 0.082105, 1.000000;;
            }
            Frame metarig_upper_arm_L {
              FrameTransformMatrix {
                -0.334705,-0.771488,-0.541090, 0.000000,
                -0.032282, 0.583259,-0.811645, 0.000000,
                 0.941770,-0.254194,-0.220124, 0.000000,
                 0.008213, 0.211606,-0.020728, 1.000000;;
              }
              Frame metarig_forearm_L {
                FrameTransformMatrix {
                   0.840358,-0.532013, 0.103735, 0.000000,
                   0.259692, 0.563167, 0.784477, 0.000000,
                  -0.475772,-0.632302, 0.611421, 0.000000,
                  -0.000000, 0.304056,-0.000000, 1.000000;;
                }
                Frame metarig_hand_L {
                  FrameTransformMatrix {
                    -0.014376,-0.100884,-0.994794, 0.000000,
                     0.050297, 0.993565,-0.101487, 0.000000,
                     0.998631,-0.051495,-0.009209, 0.000000,
                     0.000000, 0.276998,-0.000000, 1.000000;;
                  }
                  Frame metarig_palm_01_L {
                    FrameTransformMatrix {
                       0.976834, 0.213528,-0.014152, 0.000000,
                      -0.213666, 0.976865,-0.009078, 0.000000,
                       0.011886, 0.011891, 0.999859, 0.000000,
                      -0.050909, 0.041890,-0.005542, 1.000000;;
                    }
                    Frame metarig_f_index_01_L {
                      FrameTransformMatrix {
                         0.965662,-0.225903,-0.128320, 0.000000,
                         0.200801, 0.962369,-0.183101, 0.000000,
                         0.164854, 0.151046, 0.974684, 0.000000,
                        -0.000000, 0.073378, 0.000000, 1.000000;;
                      }
                      Frame metarig_f_index_02_L {
                        FrameTransformMatrix {
                           0.998362,-0.057213, 0.000236, 0.000000,
                           0.056469, 0.986022, 0.156754, 0.000000,
                          -0.009202,-0.156484, 0.987638, 0.000000,
                          -0.000000, 0.047466,-0.000000, 1.000000;;
                        }
                        Frame metarig_f_index_03_L {
                          FrameTransformMatrix {
                             0.992914,-0.118787, 0.003442, 0.000000,
                             0.114893, 0.966965, 0.227549, 0.000000,
                            -0.030358,-0.225541, 0.973761, 0.000000,
                            -0.000000, 0.029745,-0.000000, 1.000000;;
                          }
                        } // End of metarig_f_index_03_L
                      } // End of metarig_f_index_02_L
                    } // End of metarig_f_index_01_L
                    Frame metarig_thumb_01_L {
                      FrameTransformMatrix {
                        -0.065067, 0.529356,-0.845901, 0.000000,
                        -0.253644, 0.811083, 0.527077, 0.000000,
                         0.965107, 0.248853, 0.081494, 0.000000,
                        -0.026403,-0.016897, 0.025837, 1.000000;;
                      }
                      Frame metarig_thumb_02_L {
                        FrameTransformMatrix {
                           0.988152,-0.153410, 0.004469, 0.000000,
                           0.141586, 0.922455, 0.359207, 0.000000,
                          -0.059229,-0.354318, 0.933247, 0.000000,
                           0.000000, 0.043994,-0.000000, 1.000000;;
                        }
                        Frame metarig_thumb_03_L {
                          FrameTransformMatrix {
                             0.996491,-0.083342, 0.007747, 0.000000,
                             0.082425, 0.993186, 0.082390, 0.000000,
                            -0.014561,-0.081462, 0.996570, 0.000000,
                            -0.000000, 0.035248, 0.000000, 1.000000;;
                          }
                        } // End of metarig_thumb_03_L
                      } // End of metarig_thumb_02_L
                    } // End of metarig_thumb_01_L
                  } // End of metarig_palm_01_L
                  Frame metarig_palm_02_L {
                    FrameTransformMatrix {
                       0.999888, 0.013732, 0.005903, 0.000000,
                      -0.013573, 0.999563,-0.026278, 0.000000,
                      -0.006261, 0.026195, 0.999637, 0.000000,
                      -0.014760, 0.044346,-0.008116, 1.000000;;
                    }
                    Frame metarig_f_middle_01_L {
                      FrameTransformMatrix {
                         0.991196,-0.120574,-0.054695, 0.000000,
                         0.115519, 0.989426,-0.087696, 0.000000,
                         0.064691, 0.080606, 0.994644, 0.000000,
                        -0.000000, 0.071861, 0.000000, 1.000000;;
                      }
                      Frame metarig_f_middle_02_L {
                        FrameTransformMatrix {
                           0.994471,-0.083851, 0.063211, 0.000000,
                           0.066998, 0.970186, 0.232919, 0.000000,
                          -0.080857,-0.227397, 0.970440, 0.000000,
                          -0.000000, 0.052210,-0.000000, 1.000000;;
                        }
                        Frame metarig_f_middle_03_L {
                          FrameTransformMatrix {
                             0.994729,-0.093118, 0.042918, 0.000000,
                             0.087895, 0.989959, 0.110709, 0.000000,
                            -0.052796,-0.106353, 0.992926, 0.000000,
                            -0.000000, 0.033931, 0.000000, 1.000000;;
                          }
                        } // End of metarig_f_middle_03_L
                      } // End of metarig_f_middle_02_L
                    } // End of metarig_f_middle_01_L
                  } // End of metarig_palm_02_L
                  Frame metarig_palm_03_L {
                    FrameTransformMatrix {
                       0.992438,-0.114731, 0.043643, 0.000000,
                       0.116775, 0.992017,-0.047601, 0.000000,
                      -0.037833, 0.052338, 0.997913, 0.000000,
                       0.009901, 0.042194,-0.007321, 1.000000;;
                    }
                    Frame metarig_f_ring_01_L {
                      FrameTransformMatrix {
                         0.999036,-0.023662, 0.036978, 0.000000,
                         0.021793, 0.998504, 0.050156, 0.000000,
                        -0.038110,-0.049302, 0.998057, 0.000000,
                        -0.000000, 0.073558,-0.000000, 1.000000;;
                      }
                      Frame metarig_f_ring_02_L {
                        FrameTransformMatrix {
                           0.994795,-0.094603, 0.037848, 0.000000,
                           0.088504, 0.986315, 0.139104, 0.000000,
                          -0.050490,-0.135031, 0.989554, 0.000000,
                           0.000000, 0.047231, 0.000000, 1.000000;;
                        }
                        Frame metarig_f_ring_03_L {
                          FrameTransformMatrix {
                             0.987928,-0.133895, 0.077912, 0.000000,
                             0.104649, 0.947660, 0.301643, 0.000000,
                            -0.114223,-0.289849, 0.950232, 0.000000,
                            -0.000000, 0.033515, 0.000000, 1.000000;;
                          }
                        } // End of metarig_f_ring_03_L
                      } // End of metarig_f_ring_02_L
                    } // End of metarig_f_ring_01_L
                  } // End of metarig_palm_03_L
                  Frame metarig_palm_04_L {
                    FrameTransformMatrix {
                       0.970970,-0.238584, 0.017205, 0.000000,
                       0.238728, 0.971062,-0.006842, 0.000000,
                      -0.015075, 0.010750, 0.999829, 0.000000,
                       0.025449, 0.037932,-0.004812, 1.000000;;
                    }
                    Frame metarig_f_pinky_01_L {
                      FrameTransformMatrix {
                         0.978481, 0.011253, 0.206028, 0.000000,
                        -0.052000, 0.979731, 0.193448, 0.000000,
                        -0.199675,-0.199999, 0.959234, 0.000000,
                        -0.000000, 0.078833, 0.000000, 1.000000;;
                      }
                      Frame metarig_f_pinky_02_L {
                        FrameTransformMatrix {
                           0.996284,-0.080986, 0.029317, 0.000000,
                           0.078739, 0.994361, 0.071045, 0.000000,
                          -0.034905,-0.068473, 0.997042, 0.000000,
                           0.000000, 0.029378, 0.000000, 1.000000;;
                        }
                        Frame metarig_f_pinky_03_L {
                          FrameTransformMatrix {
                             0.996029,-0.078829, 0.041376, 0.000000,
                             0.071495, 0.985182, 0.155901, 0.000000,
                            -0.053052,-0.152324, 0.986906, 0.000000,
                             0.000000, 0.023810,-0.000000, 1.000000;;
                          }
                        } // End of metarig_f_pinky_03_L
                      } // End of metarig_f_pinky_02_L
                    } // End of metarig_f_pinky_01_L
                  } // End of metarig_palm_04_L
                } // End of metarig_hand_L
              } // End of metarig_forearm_L
            } // End of metarig_upper_arm_L
          } // End of metarig_shoulder_L
          Frame metarig_shoulder_R {
            FrameTransformMatrix {
               0.430100, 0.079739,-0.899253, 0.000000,
              -0.902767, 0.032428,-0.428905, 0.000000,
              -0.005039, 0.996288, 0.085933, 0.000000,
              -0.019286, 0.220120, 0.082105, 1.000000;;
            }
            Frame metarig_upper_arm_R {
              FrameTransformMatrix {
                -0.437137, 0.735842, 0.517154, 0.000000,
                -0.035896, 0.560269,-0.827532, 0.000000,
                -0.898678,-0.380309,-0.218501, 0.000000,
                -0.008210, 0.211611,-0.022240, 1.000000;;
              }
              Frame metarig_forearm_R {
                FrameTransformMatrix {
                   0.841674, 0.530138,-0.102657, 0.000000,
                  -0.259045, 0.563216, 0.784655, 0.000000,
                   0.473794,-0.633831, 0.611374, 0.000000,
                   0.000000, 0.304056,-0.000000, 1.000000;;
                }
                Frame metarig_hand_R {
                  FrameTransformMatrix {
                    -0.016818, 0.100522, 0.994793, 0.000000,
                    -0.049630, 0.993623,-0.101243, 0.000000,
                    -0.998626,-0.051074,-0.011721, 0.000000,
                    -0.000000, 0.276999, 0.000000, 1.000000;;
                  }
                  Frame metarig_palm_01_R {
                    FrameTransformMatrix {
                       0.976746,-0.213746, 0.016705, 0.000000,
                       0.213915, 0.976810,-0.009092, 0.000000,
                      -0.014374, 0.012454, 0.999819, 0.000000,
                       0.050909, 0.041890,-0.005541, 1.000000;;
                    }
                    Frame metarig_f_index_01_R {
                      FrameTransformMatrix {
                         0.965949, 0.223664, 0.130065, 0.000000,
                        -0.198229, 0.962822,-0.183520, 0.000000,
                        -0.166277, 0.151488, 0.974373, 0.000000,
                        -0.000000, 0.073378,-0.000000, 1.000000;;
                      }
                      Frame metarig_f_index_02_R {
                        FrameTransformMatrix {
                           0.998060, 0.062193, 0.002823, 0.000000,
                          -0.061863, 0.985645, 0.157088, 0.000000,
                           0.006988,-0.156957, 0.987581, 0.000000,
                          -0.000000, 0.047476,-0.000000, 1.000000;;
                        }
                        Frame metarig_f_index_03_R {
                          FrameTransformMatrix {
                             0.993360, 0.115040,-0.001077, 0.000000,
                            -0.111806, 0.967556, 0.226570, 0.000000,
                             0.027106,-0.224945, 0.973994, 0.000000,
                             0.000000, 0.029739, 0.000000, 1.000000;;
                          }
                        } // End of metarig_f_index_03_R
                      } // End of metarig_f_index_02_R
                    } // End of metarig_f_index_01_R
                    Frame metarig_thumb_01_R {
                      FrameTransformMatrix {
                        -0.067353,-0.529438, 0.845671, 0.000000,
                         0.252498, 0.810959, 0.527817, 0.000000,
                        -0.965251, 0.249080, 0.079061, 0.000000,
                         0.026403,-0.016897, 0.025837, 1.000000;;
                      }
                      Frame metarig_thumb_02_R {
                        FrameTransformMatrix {
                           0.988298, 0.152521,-0.002223, 0.000000,
                          -0.141507, 0.922179, 0.359947, 0.000000,
                           0.056950,-0.355420, 0.932970, 0.000000,
                           0.000000, 0.043994,-0.000000, 1.000000;;
                        }
                        Frame metarig_thumb_03_R {
                          FrameTransformMatrix {
                             0.996516, 0.083241,-0.005269, 0.000000,
                            -0.082519, 0.993128, 0.082984, 0.000000,
                             0.012140,-0.082260, 0.996537, 0.000000,
                            -0.000000, 0.035249,-0.000000, 1.000000;;
                          }
                        } // End of metarig_thumb_03_R
                      } // End of metarig_thumb_02_R
                    } // End of metarig_thumb_01_R
                  } // End of metarig_palm_01_R
                  Frame metarig_palm_02_R {
                    FrameTransformMatrix {
                       0.999897,-0.013967,-0.003403, 0.000000,
                       0.013871, 0.999544,-0.026803, 0.000000,
                       0.003776, 0.026753, 0.999635, 0.000000,
                       0.014760, 0.044346,-0.008115, 1.000000;;
                    }
                    Frame metarig_f_middle_01_R {
                      FrameTransformMatrix {
                         0.991357, 0.118514, 0.056269, 0.000000,
                        -0.113292, 0.989625,-0.088350, 0.000000,
                        -0.066156, 0.081212, 0.994499, 0.000000,
                        -0.000000, 0.071861, 0.000000, 1.000000;;
                      }
                      Frame metarig_f_middle_02_R {
                        FrameTransformMatrix {
                           0.994282, 0.088354,-0.059981, 0.000000,
                          -0.072154, 0.969891, 0.232603, 0.000000,
                           0.078727,-0.226945, 0.970720, 0.000000,
                          -0.000000, 0.052219, 0.000000, 1.000000;;
                        }
                        Frame metarig_f_middle_03_R {
                          FrameTransformMatrix {
                             0.995106, 0.090106,-0.040549, 0.000000,
                            -0.085190, 0.990283, 0.109922, 0.000000,
                             0.050060,-0.105930, 0.993113, 0.000000,
                             0.000000, 0.033926,-0.000000, 1.000000;;
                          }
                        } // End of metarig_f_middle_03_R
                      } // End of metarig_f_middle_02_R
                    } // End of metarig_f_middle_01_R
                  } // End of metarig_palm_02_R
                  Frame metarig_palm_03_R {
                    FrameTransformMatrix {
                       0.992403, 0.115898,-0.041286, 0.000000,
                      -0.117848, 0.991850,-0.048427, 0.000000,
                       0.035337, 0.052925, 0.997973, 0.000000,
                      -0.009796, 0.042204,-0.007321, 1.000000;;
                    }
                    Frame metarig_f_ring_01_R {
                      FrameTransformMatrix {
                         0.999164, 0.021844,-0.034553, 0.000000,
                        -0.020120, 0.998573, 0.049468, 0.000000,
                         0.035584,-0.048731, 0.998178, 0.000000,
                         0.000000, 0.073555, 0.000000, 1.000000;;
                      }
                      Frame metarig_f_ring_02_R {
                        FrameTransformMatrix {
                           0.994909, 0.094333,-0.035451, 0.000000,
                          -0.088603, 0.986427, 0.138243, 0.000000,
                           0.048011,-0.134398, 0.989764, 0.000000,
                           0.000000, 0.047231,-0.000000, 1.000000;;
                        }
                        Frame metarig_f_ring_03_R {
                          FrameTransformMatrix {
                             0.988096, 0.133958,-0.075635, 0.000000,
                            -0.105475, 0.947838, 0.300796, 0.000000,
                             0.111983,-0.289238, 0.950684, 0.000000,
                            -0.000000, 0.033514, 0.000000, 1.000000;;
                          }
                        } // End of metarig_f_ring_03_R
                      } // End of metarig_f_ring_02_R
                    } // End of metarig_f_ring_01_R
                  } // End of metarig_palm_03_R
                  Frame metarig_palm_04_R {
                    FrameTransformMatrix {
                       0.971065, 0.238350,-0.014920, 0.000000,
                      -0.238484, 0.971114,-0.007979, 0.000000,
                       0.012587, 0.011306, 0.999857, 0.000000,
                      -0.025449, 0.037932,-0.004812, 1.000000;;
                    }
                    Frame metarig_f_pinky_01_R {
                      FrameTransformMatrix {
                         0.978957,-0.011692,-0.203732, 0.000000,
                         0.051793, 0.979903, 0.192634, 0.000000,
                         0.197385,-0.199133, 0.959888, 0.000000,
                        -0.000000, 0.078833, 0.000000, 1.000000;;
                      }
                      Frame metarig_f_pinky_02_R {
                        FrameTransformMatrix {
                           0.996349, 0.081020,-0.026926, 0.000000,
                          -0.078971, 0.994416, 0.070008, 0.000000,
                           0.032448,-0.067626, 0.997183, 0.000000,
                           0.000000, 0.029378, 0.000000, 1.000000;;
                        }
                        Frame metarig_f_pinky_03_R {
                          FrameTransformMatrix {
                             0.996106, 0.079050,-0.039027, 0.000000,
                            -0.072124, 0.985297, 0.154879, 0.000000,
                             0.050696,-0.151461, 0.987162, 0.000000,
                             0.000000, 0.023810, 0.000000, 1.000000;;
                          }
                        } // End of metarig_f_pinky_03_R
                      } // End of metarig_f_pinky_02_R
                    } // End of metarig_f_pinky_01_R
                  } // End of metarig_palm_04_R
                } // End of metarig_hand_R
              } // End of metarig_forearm_R
            } // End of metarig_upper_arm_R
          } // End of metarig_shoulder_R
        } // End of metarig_chest
      } // End of metarig_spine
      Frame metarig_thigh_L {
        FrameTransformMatrix {
           0.999104,-0.041223,-0.009589, 0.000000,
          -0.041917,-0.995104,-0.089501, 0.000000,
          -0.005854, 0.089822,-0.995940, 0.000000,
           0.125746, 0.145801, 0.072237, 1.000000;;
        }
        Frame metarig_shin_L {
          FrameTransformMatrix {
             0.996652,-0.080430,-0.014663, 0.000000,
             0.081304, 0.993906, 0.074440, 0.000000,
             0.008587,-0.075383, 0.997118, 0.000000,
            -0.000000, 0.472408,-0.000000, 1.000000;;
          }
          Frame metarig_foot_L {
            FrameTransformMatrix {
               0.991004,-0.071188, 0.113324, 0.000000,
               0.122050, 0.828123,-0.547099, 0.000000,
              -0.054899, 0.556008, 0.829362, 0.000000,
              -0.000000, 0.277456, 0.000000, 1.000000;;
            }
            Frame metarig_toe_L {
              FrameTransformMatrix {
                -0.988524,-0.149101, 0.024273, 0.000000,
                -0.121039, 0.685617,-0.717829, 0.000000,
                 0.090387,-0.712529,-0.695796, 0.000000,
                 0.000000, 0.222343,-0.000000, 1.000000;;
              }
            } // End of metarig_toe_L
          } // End of metarig_foot_L
          Frame metarig_heel_L {
            FrameTransformMatrix {
              -0.994907,-0.080595,-0.060529, 0.000000,
              -0.096319, 0.937156, 0.335351, 0.000000,
               0.029698, 0.339473,-0.940147, 0.000000,
              -0.000000, 0.277456, 0.000000, 1.000000;;
            }
            Frame metarig_heel_02_L {
              FrameTransformMatrix {
                 0.056180,-0.491166, 0.869253, 0.000000,
                -0.997968,-0.053831, 0.034082, 0.000000,
                 0.030053,-0.869401,-0.493192, 0.000000,
                 0.028407, 0.122840, 0.045390, 1.000000;;
              }
            } // End of metarig_heel_02_L
          } // End of metarig_heel_L
        } // End of metarig_shin_L
      } // End of metarig_thigh_L
      Frame metarig_thigh_R {
        FrameTransformMatrix {
           0.998623, 0.045108,-0.026781, 0.000000,
           0.052071,-0.790342, 0.610449, 0.000000,
           0.006370,-0.611003,-0.791603, 0.000000,
          -0.125746, 0.138762, 0.076047, 1.000000;;
        }
        Frame metarig_shin_R {
          FrameTransformMatrix {
             0.996089, 0.087338, 0.013380, 0.000000,
            -0.088231, 0.991283, 0.097846, 0.000000,
            -0.004718,-0.098644, 0.995111, 0.000000,
            -0.000000, 0.469996,-0.000000, 1.000000;;
          }
          Frame metarig_foot_R {
            FrameTransformMatrix {
               0.986217, 0.097499,-0.133679, 0.000000,
              -0.155315, 0.824037,-0.544830, 0.000000,
               0.057036, 0.558083, 0.827822, 0.000000,
              -0.000000, 0.269464, 0.000000, 1.000000;;
            }
            Frame metarig_toe_R {
              FrameTransformMatrix {
                -0.983578, 0.178700,-0.025304, 0.000000,
                 0.141813, 0.678485,-0.720797, 0.000000,
                -0.111638,-0.712548,-0.692684, 0.000000,
                 0.000000, 0.227176,-0.000000, 1.000000;;
              }
            } // End of metarig_toe_R
          } // End of metarig_foot_R
          Frame metarig_heel_R {
            FrameTransformMatrix {
              -0.997726, 0.051837, 0.043073, 0.000000,
               0.062828, 0.946663, 0.316042, 0.000000,
              -0.024393, 0.318030,-0.947767, 0.000000,
              -0.000000, 0.269464, 0.000000, 1.000000;;
            }
            Frame metarig_heel_02_R {
              FrameTransformMatrix {
                 0.032352, 0.479241,-0.877087, 0.000000,
                 0.999416,-0.025175, 0.023108, 0.000000,
                -0.011006,-0.877322,-0.479776, 0.000000,
                -0.030952, 0.141828, 0.052769, 1.000000;;
              }
            } // End of metarig_heel_02_R
          } // End of metarig_heel_R
        } // End of metarig_shin_R
      } // End of metarig_thigh_R
    } // End of metarig_hips
  } // End of metarig
} // End of Root
AnimationSet metarigAction_001 {
  Animation {
    {metarig}
    AnimationKey { // Rotation
      0;
      61;
      0;4;-1.000000,-0.000000, 0.000000, 0.000000;;,
      1;4;-1.000000,-0.000000, 0.000000, 0.000000;;,
      2;4;-1.000000,-0.000000, 0.000000, 0.000000;;,
      3;4;-1.000000,-0.000000, 0.000000, 0.000000;;,
      4;4;-1.000000,-0.000000, 0.000000, 0.000000;;,
      5;4;-1.000000,-0.000000, 0.000000, 0.000000;;,
      6;4;-1.000000,-0.000000, 0.000000, 0.000000;;,
      7;4;-1.000000,-0.000000, 0.000000, 0.000000;;,
      8;4;-1.000000,-0.000000, 0.000000, 0.000000;;,
      9;4;-1.000000,-0.000000, 0.000000, 0.000000;;,
      10;4;-1.000000,-0.000000, 0.000000, 0.000000;;,
      11;4;-1.000000,-0.000000, 0.000000, 0.000000;;,
      12;4;-1.000000,-0.000000, 0.000000, 0.000000;;,
      13;4;-1.000000,-0.000000, 0.000000, 0.000000;;,
      14;4;-1.000000,-0.000000, 0.000000, 0.000000;;,
      15;4;-1.000000,-0.000000, 0.000000, 0.000000;;,
      16;4;-1.000000,-0.000000, 0.000000, 0.000000;;,
      17;4;-1.000000,-0.000000, 0.000000, 0.000000;;,
      18;4;-1.000000,-0.000000, 0.000000, 0.000000;;,
      19;4;-1.000000,-0.000000, 0.000000, 0.000000;;,
      20;4;-1.000000,-0.000000, 0.000000, 0.000000;;,
      21;4;-1.000000,-0.000000, 0.000000, 0.000000;;,
      22;4;-1.000000,-0.000000, 0.000000, 0.000000;;,
      23;4;-1.000000,-0.000000, 0.000000, 0.000000;;,
      24;4;-1.000000,-0.000000, 0.000000, 0.000000;;,
      25;4;-1.000000,-0.000000, 0.000000, 0.000000;;,
      26;4;-1.000000,-0.000000, 0.000000, 0.000000;;,
      27;4;-1.000000,-0.000000, 0.000000, 0.000000;;,
      28;4;-1.000000,-0.000000, 0.000000, 0.000000;;,
      29;4;-1.000000,-0.000000, 0.000000, 0.000000;;,
      30;4;-1.000000,-0.000000, 0.000000, 0.000000;;,
      31;4;-1.000000,-0.000000, 0.000000, 0.000000;;,
      32;4;-1.000000,-0.000000, 0.000000, 0.000000;;,
      33;4;-1.000000,-0.000000, 0.000000, 0.000000;;,
      34;4;-1.000000,-0.000000, 0.000000, 0.000000;;,
      35;4;-1.000000,-0.000000, 0.000000, 0.000000;;,
      36;4;-1.000000,-0.000000, 0.000000, 0.000000;;,
      37;4;-1.000000,-0.000000, 0.000000, 0.000000;;,
      38;4;-1.000000,-0.000000, 0.000000, 0.000000;;,
      39;4;-1.000000,-0.000000, 0.000000, 0.000000;;,
      40;4;-1.000000,-0.000000, 0.000000, 0.000000;;,
      41;4;-1.000000,-0.000000, 0.000000, 0.000000;;,
      42;4;-1.000000,-0.000000, 0.000000, 0.000000;;,
      43;4;-1.000000,-0.000000, 0.000000, 0.000000;;,
      44;4;-1.000000,-0.000000, 0.000000, 0.000000;;,
      45;4;-1.000000,-0.000000, 0.000000, 0.000000;;,
      46;4;-1.000000,-0.000000, 0.000000, 0.000000;;,
      47;4;-1.000000,-0.000000, 0.000000, 0.000000;;,
      48;4;-1.000000,-0.000000, 0.000000, 0.000000;;,
      49;4;-1.000000,-0.000000, 0.000000, 0.000000;;,
      50;4;-1.000000,-0.000000, 0.000000, 0.000000;;,
      51;4;-1.000000,-0.000000, 0.000000, 0.000000;;,
      52;4;-1.000000,-0.000000, 0.000000, 0.000000;;,
      53;4;-1.000000,-0.000000, 0.000000, 0.000000;;,
      54;4;-1.000000,-0.000000, 0.000000, 0.000000;;,
      55;4;-1.000000,-0.000000, 0.000000, 0.000000;;,
      56;4;-1.000000,-0.000000, 0.000000, 0.000000;;,
      57;4;-1.000000,-0.000000, 0.000000, 0.000000;;,
      58;4;-1.000000,-0.000000, 0.000000, 0.000000;;,
      59;4;-1.000000,-0.000000, 0.000000, 0.000000;;,
      60;4;-1.000000,-0.000000, 0.000000, 0.000000;;;
    }
    AnimationKey { // Scale
      1;
      61;
      0;3; 1.000000, 1.000000, 1.000000;;,
      1;3; 1.000000, 1.000000, 1.000000;;,
      2;3; 1.000000, 1.000000, 1.000000;;,
      3;3; 1.000000, 1.000000, 1.000000;;,
      4;3; 1.000000, 1.000000, 1.000000;;,
      5;3; 1.000000, 1.000000, 1.000000;;,
      6;3; 1.000000, 1.000000, 1.000000;;,
      7;3; 1.000000, 1.000000, 1.000000;;,
      8;3; 1.000000, 1.000000, 1.000000;;,
      9;3; 1.000000, 1.000000, 1.000000;;,
      10;3; 1.000000, 1.000000, 1.000000;;,
      11;3; 1.000000, 1.000000, 1.000000;;,
      12;3; 1.000000, 1.000000, 1.000000;;,
      13;3; 1.000000, 1.000000, 1.000000;;,
      14;3; 1.000000, 1.000000, 1.000000;;,
      15;3; 1.000000, 1.000000, 1.000000;;,
      16;3; 1.000000, 1.000000, 1.000000;;,
      17;3; 1.000000, 1.000000, 1.000000;;,
      18;3; 1.000000, 1.000000, 1.000000;;,
      19;3; 1.000000, 1.000000, 1.000000;;,
      20;3; 1.000000, 1.000000, 1.000000;;,
      21;3; 1.000000, 1.000000, 1.000000;;,
      22;3; 1.000000, 1.000000, 1.000000;;,
      23;3; 1.000000, 1.000000, 1.000000;;,
      24;3; 1.000000, 1.000000, 1.000000;;,
      25;3; 1.000000, 1.000000, 1.000000;;,
      26;3; 1.000000, 1.000000, 1.000000;;,
      27;3; 1.000000, 1.000000, 1.000000;;,
      28;3; 1.000000, 1.000000, 1.000000;;,
      29;3; 1.000000, 1.000000, 1.000000;;,
      30;3; 1.000000, 1.000000, 1.000000;;,
      31;3; 1.000000, 1.000000, 1.000000;;,
      32;3; 1.000000, 1.000000, 1.000000;;,
      33;3; 1.000000, 1.000000, 1.000000;;,
      34;3; 1.000000, 1.000000, 1.000000;;,
      35;3; 1.000000, 1.000000, 1.000000;;,
      36;3; 1.000000, 1.000000, 1.000000;;,
      37;3; 1.000000, 1.000000, 1.000000;;,
      38;3; 1.000000, 1.000000, 1.000000;;,
      39;3; 1.000000, 1.000000, 1.000000;;,
      40;3; 1.000000, 1.000000, 1.000000;;,
      41;3; 1.000000, 1.000000, 1.000000;;,
      42;3; 1.000000, 1.000000, 1.000000;;,
      43;3; 1.000000, 1.000000, 1.000000;;,
      44;3; 1.000000, 1.000000, 1.000000;;,
      45;3; 1.000000, 1.000000, 1.000000;;,
      46;3; 1.000000, 1.000000, 1.000000;;,
      47;3; 1.000000, 1.000000, 1.000000;;,
      48;3; 1.000000, 1.000000, 1.000000;;,
      49;3; 1.000000, 1.000000, 1.000000;;,
      50;3; 1.000000, 1.000000, 1.000000;;,
      51;3; 1.000000, 1.000000, 1.000000;;,
      52;3; 1.000000, 1.000000, 1.000000;;,
      53;3; 1.000000, 1.000000, 1.000000;;,
      54;3; 1.000000, 1.000000, 1.000000;;,
      55;3; 1.000000, 1.000000, 1.000000;;,
      56;3; 1.000000, 1.000000, 1.000000;;,
      57;3; 1.000000, 1.000000, 1.000000;;,
      58;3; 1.000000, 1.000000, 1.000000;;,
      59;3; 1.000000, 1.000000, 1.000000;;,
      60;3; 1.000000, 1.000000, 1.000000;;;
    }
    AnimationKey { // Position
      2;
      61;
      0;3; 0.000000, 0.006505,-0.117220;;,
      1;3; 0.000000, 0.006505,-0.117220;;,
      2;3; 0.000000, 0.006505,-0.117220;;,
      3;3; 0.000000, 0.006505,-0.117220;;,
      4;3; 0.000000, 0.006505,-0.117220;;,
      5;3; 0.000000, 0.006505,-0.117220;;,
      6;3; 0.000000, 0.006505,-0.117220;;,
      7;3; 0.000000, 0.006505,-0.117220;;,
      8;3; 0.000000, 0.006505,-0.117220;;,
      9;3; 0.000000, 0.006505,-0.117220;;,
      10;3; 0.000000, 0.006505,-0.117220;;,
      11;3; 0.000000, 0.006505,-0.117220;;,
      12;3; 0.000000, 0.006505,-0.117220;;,
      13;3; 0.000000, 0.006505,-0.117220;;,
      14;3; 0.000000, 0.006505,-0.117220;;,
      15;3; 0.000000, 0.006505,-0.117220;;,
      16;3; 0.000000, 0.006505,-0.117220;;,
      17;3; 0.000000, 0.006505,-0.117220;;,
      18;3; 0.000000, 0.006505,-0.117220;;,
      19;3; 0.000000, 0.006505,-0.117220;;,
      20;3; 0.000000, 0.006505,-0.117220;;,
