xof 0303txt 0032

template XSkinMeshHeader {
  <3cf169ce-ff7c-44ab-93c0-f78f62d172e2>
  WORD nMaxSkinWeightsPerVertex;
  WORD nMaxSkinWeightsPerFace;
  WORD nBones;
}

template SkinWeights {
  <6f0d123b-bad2-4167-a0d0-80224f25fabb>
  STRING transformNodeName;
  DWORD nWeights;
  array DWORD vertexIndices[nWeights];
  array float weights[nWeights];
  Matrix4x4 matrixOffset;
}

Frame Root {
  FrameTransformMatrix {
     1.000000, 0.000000, 0.000000, 0.000000,
     0.000000,-0.000000, 1.000000, 0.000000,
     0.000000, 1.000000, 0.000000, 0.000000,
     0.000000, 0.000000, 0.000000, 1.000000;;
  }
  Frame metarig {
    FrameTransformMatrix {
       1.000000, 0.000000, 0.000000, 0.000000,
       0.000000, 1.000000,-0.000000, 0.000000,
       0.000000, 0.000000, 1.000000, 0.000000,
       0.000000, 0.006505,-0.117220, 1.000000;;
    }
    Frame metarig_hips {
      FrameTransformMatrix {
        -1.000000, 0.000000, 0.000000, 0.000000,
         0.000000, 0.213596, 0.976922, 0.000000,
         0.000000, 0.976922,-0.213596, 0.000000,
        -0.000000,-0.207286, 0.887148, 1.000000;;
      }
      Frame metarig_spine {
        FrameTransformMatrix {
           1.000000,-0.000000,-0.000001, 0.000000,
          -0.000000, 0.989658,-0.143448, 0.000000,
           0.000001, 0.143448, 0.989658, 0.000000,
           0.000000, 0.187492,-0.000000, 1.000000;;
        }
        Frame metarig_chest {
          FrameTransformMatrix {
             1.000000,-0.000000,-0.000000, 0.000000,
             0.000000, 0.994381,-0.105864, 0.000000,
             0.000000, 0.105864, 0.994381, 0.000000,
             0.000000, 0.221830,-0.000000, 1.000000;;
          }
          Frame metarig_chest_001 {
            FrameTransformMatrix {
              -1.000000, 0.000000,-0.000000, 0.000000,
              -0.000000,-0.604125, 0.796890, 0.000000,
               0.000000, 0.796889, 0.604125, 0.000000,
              -0.000000, 0.250139,-0.000000, 1.000000;;
            }
          } // End of metarig_chest_001
          Frame metarig_neck {
            FrameTransformMatrix {
               1.000000, 0.000000, 0.000000, 0.000000,
              -0.000000, 0.949231, 0.314578, 0.000000,
              -0.000000,-0.314578, 0.949232, 0.000000,
              -0.000000, 0.278970, 0.000000, 1.000000;;
            }
            Frame metarig_head {
              FrameTransformMatrix {
                 1.000000, 0.000000, 0.000000, 0.000000,
                 0.000000, 0.959589,-0.281406, 0.000000,
                -0.000000, 0.281406, 0.959589, 0.000000,
                 0.000000, 0.126698,-0.000000, 1.000000;;
              }
              Frame metarig_head_001_L {
                FrameTransformMatrix {
                   0.406995,-0.304574,-0.861156, 0.000000,
                  -0.666557, 0.545576,-0.507984, 0.000000,
                   0.624545, 0.780757, 0.019031, 0.000000,
                   0.000000, 0.743065, 0.200384, 1.000000;;
                }
                Frame metarig_head_001_L_001 {
                  FrameTransformMatrix {
                     0.766176,-0.582666, 0.271062, 0.000000,
                     0.500194, 0.275892,-0.820786, 0.000000,
                     0.403460, 0.764450, 0.502828, 0.000000,
                     0.000000, 0.533367, 0.000000, 1.000000;;
                  }
                  Frame metarig_head_001_L_002 {
                    FrameTransformMatrix {
                       0.746903,-0.650801, 0.136361, 0.000000,
                       0.074974, 0.286193, 0.955234, 0.000000,
                      -0.660693,-0.703243, 0.262552, 0.000000,
                       0.000000, 0.356088,-0.000000, 1.000000;;
                    }
                  } // End of metarig_head_001_L_002
                } // End of metarig_head_001_L_001
              } // End of metarig_head_001_L
              Frame metarig_head_001_R {
                FrameTransformMatrix {
                   0.406996, 0.304573, 0.861156, 0.000000,
                   0.666558, 0.545576,-0.507984, 0.000000,
                  -0.624544, 0.780758, 0.019032, 0.000000,
                   0.000000, 0.743065, 0.200384, 1.000000;;
                }
                Frame metarig_head_001_R_001 {
                  FrameTransformMatrix {
                     0.766176, 0.582667,-0.271061, 0.000000,
                    -0.500194, 0.275892,-0.820786, 0.000000,
                    -0.403461, 0.764450, 0.502828, 0.000000,
                    -0.000000, 0.533367,-0.000000, 1.000000;;
                  }
                  Frame metarig_head_001_R_002 {
                    FrameTransformMatrix {
                       0.746903, 0.650801,-0.136361, 0.000000,
                      -0.074974, 0.286193, 0.955234, 0.000000,
                       0.660693,-0.703243, 0.262552, 0.000000,
                       0.000000, 0.356088,-0.000000, 1.000000;;
                    }
                  } // End of metarig_head_001_R_002
                } // End of metarig_head_001_R_001
              } // End of metarig_head_001_R
              Frame metarig_head_L {
                FrameTransformMatrix {
                   0.725808, 0.027992, 0.687328, 0.000000,
                   0.595449,-0.525877,-0.607367, 0.000000,
                   0.344448, 0.850100,-0.398353, 0.000000,
                  -0.000000, 0.374343, 0.000000, 1.000000;;
                }
                Frame metarig_head_L_001 {
                  FrameTransformMatrix {
                    -0.772788,-0.459208,-0.438096, 0.000000,
                    -0.216895, 0.839805,-0.497679, 0.000000,
                     0.596453,-0.289580,-0.748590, 0.000000,
                     0.000000, 0.687261, 0.000000, 1.000000;;
                  }
                  Frame metarig_head_L_002 {
                    FrameTransformMatrix {
                       0.994082, 0.102789, 0.035158, 0.000000,
                      -0.106489, 0.986013, 0.128216, 0.000000,
                      -0.021487,-0.131201, 0.991123, 0.000000,
                       0.000000, 0.624316,-0.000000, 1.000000;;
                    }
                  } // End of metarig_head_L_002
                } // End of metarig_head_L_001
              } // End of metarig_head_L
              Frame metarig_head_L_003 {
                FrameTransformMatrix {
                  -0.792220, 0.118446, 0.598630, 0.000000,
                   0.332536,-0.738741, 0.586243, 0.000000,
                   0.511671, 0.663500, 0.545858, 0.000000,
                  -0.000000, 0.374343, 0.000000, 1.000000;;
                }
              } // End of metarig_head_L_003
              Frame metarig_head_R {
                FrameTransformMatrix {
                   0.725807,-0.027992,-0.687329, 0.000000,
                  -0.595449,-0.525877,-0.607367, 0.000000,
                  -0.344449, 0.850100,-0.398353, 0.000000,
                  -0.000000, 0.374343, 0.000000, 1.000000;;
                }
                Frame metarig_head_R_001 {
                  FrameTransformMatrix {
                    -0.772787, 0.459207, 0.438096, 0.000000,
                     0.216894, 0.839805,-0.497679, 0.000000,
                    -0.596453,-0.289580,-0.748590, 0.000000,
                    -0.000000, 0.687260,-0.000000, 1.000000;;
                  }
                  Frame metarig_head_R_002 {
                    FrameTransformMatrix {
                       0.994082,-0.102789,-0.035158, 0.000000,
                       0.106489, 0.986013, 0.128216, 0.000000,
                       0.021487,-0.131201, 0.991123, 0.000000,
                       0.000000, 0.624316,-0.000000, 1.000000;;
                    }
                  } // End of metarig_head_R_002
                } // End of metarig_head_R_001
              } // End of metarig_head_R
              Frame metarig_head_R_003 {
                FrameTransformMatrix {
                  -0.792221,-0.118445,-0.598629, 0.000000,
                  -0.332535,-0.738741, 0.586243, 0.000000,
                  -0.511670, 0.663499, 0.545859, 0.000000,
                  -0.000000, 0.374343, 0.000000, 1.000000;;
                }
              } // End of metarig_head_R_003
            } // End of metarig_head
          } // End of metarig_neck
          Frame metarig_shoulder_L {
            FrameTransformMatrix {
               0.349641,-0.032526, 0.936319, 0.000000,
               0.936875, 0.007853,-0.349576, 0.000000,
               0.004017, 0.999440, 0.033218, 0.000000,
               0.019286, 0.220120, 0.082105, 1.000000;;
            }
            Frame metarig_upper_arm_L {
              FrameTransformMatrix {
                -0.132599,-0.586974,-0.798674, 0.000000,
                 0.274395, 0.752557,-0.598637, 0.000000,
                 0.952431,-0.298531, 0.061275, 0.000000,
                 0.008213, 0.211606,-0.020728, 1.000000;;
              }
              Frame metarig_forearm_L {
                FrameTransformMatrix {
                   0.999938, 0.006255, 0.009266, 0.000000,
                  -0.007123, 0.995276, 0.096826, 0.000000,
                  -0.008616,-0.096886, 0.995258, 0.000000,
                   0.000000, 0.304056,-0.000000, 1.000000;;
                }
                Frame metarig_hand_L {
                  FrameTransformMatrix {
                    -0.009376,-0.049837,-0.998713, 0.000000,
                     0.056119, 0.997157,-0.050286, 0.000000,
                     0.998380,-0.056518,-0.006553, 0.000000,
                    -0.000000, 0.276998, 0.000000, 1.000000;;
                  }
                  Frame metarig_palm_01_L {
                    FrameTransformMatrix {
                       0.964601, 0.263496,-0.010706, 0.000000,
                      -0.263555, 0.964633,-0.004553, 0.000000,
                       0.009127, 0.007213, 0.999932, 0.000000,
                      -0.050909, 0.041890,-0.005542, 1.000000;;
                    }
                    Frame metarig_f_index_01_L {
                      FrameTransformMatrix {
                         0.976467,-0.175462,-0.125400, 0.000000,
                         0.151743, 0.972143,-0.178642, 0.000000,
                         0.153251, 0.155409, 0.975890, 0.000000,
                        -0.000000, 0.073378, 0.000000, 1.000000;;
                      }
                      Frame metarig_f_index_02_L {
                        FrameTransformMatrix {
                           0.999896,-0.007037, 0.012562, 0.000000,
                           0.005002, 0.987864, 0.155239, 0.000000,
                          -0.013502,-0.155161, 0.987797, 0.000000,
                           0.000000, 0.047466,-0.000000, 1.000000;;
                        }
                        Frame metarig_f_index_03_L {
                          FrameTransformMatrix {
                             0.997688,-0.067498, 0.007893, 0.000000,
                             0.063956, 0.971848, 0.226763, 0.000000,
                            -0.022976,-0.225734, 0.973918, 0.000000,
                            -0.000000, 0.029744, 0.000000, 1.000000;;
                          }
                        } // End of metarig_f_index_03_L
                      } // End of metarig_f_index_02_L
                    } // End of metarig_f_index_01_L
                    Frame metarig_thumb_01_L {
                      FrameTransformMatrix {
                        -0.089068, 0.528675,-0.844138, 0.000000,
                        -0.296951, 0.794870, 0.529151, 0.000000,
                         0.950730, 0.297798, 0.086193, 0.000000,
                        -0.026403,-0.016897, 0.025837, 1.000000;;
                      }
                      Frame metarig_thumb_02_L {
                        FrameTransformMatrix {
                           0.989122,-0.146652,-0.011447, 0.000000,
                           0.142823, 0.938842, 0.313331, 0.000000,
                          -0.035204,-0.311558, 0.949575, 0.000000,
                           0.000000, 0.043994, 0.000000, 1.000000;;
                        }
                        Frame metarig_thumb_03_L {
                          FrameTransformMatrix {
                             0.996600,-0.082213,-0.005448, 0.000000,
                             0.082348, 0.996074, 0.032492, 0.000000,
                             0.002756,-0.032830, 0.999457, 0.000000,
                             0.000000, 0.035248,-0.000000, 1.000000;;
                          }
                        } // End of metarig_thumb_03_L
                      } // End of metarig_thumb_02_L
                    } // End of metarig_thumb_01_L
                  } // End of metarig_palm_01_L
                  Frame metarig_palm_02_L {
                    FrameTransformMatrix {
                       0.997847, 0.065045, 0.008374, 0.000000,
                      -0.064856, 0.997670,-0.021156, 0.000000,
                      -0.009730, 0.020567, 0.999741, 0.000000,
                      -0.014760, 0.044346,-0.008116, 1.000000;;
                    }
                    Frame metarig_f_middle_01_L {
                      FrameTransformMatrix {
                         0.996263,-0.069309,-0.051539, 0.000000,
                         0.064953, 0.994523,-0.081879, 0.000000,
                         0.056931, 0.078226, 0.995309, 0.000000,
                        -0.000000, 0.071861,-0.000000, 1.000000;;
                      }
                      Frame metarig_f_middle_02_L {
                        FrameTransformMatrix {
                           0.996960,-0.033196, 0.070484, 0.000000,
                           0.015648, 0.971565, 0.236256, 0.000000,
                          -0.076323,-0.234435, 0.969131, 0.000000,
                          -0.000000, 0.052210,-0.000000, 1.000000;;
                        }
                        Frame metarig_f_middle_03_L {
                          FrameTransformMatrix {
                             0.998385,-0.042552, 0.037641, 0.000000,
                             0.037873, 0.992372, 0.117318, 0.000000,
                            -0.042346,-0.115703, 0.992381, 0.000000,
                             0.000000, 0.033931,-0.000000, 1.000000;;
                          }
                        } // End of metarig_f_middle_03_L
                      } // End of metarig_f_middle_02_L
                    } // End of metarig_f_middle_01_L
                  } // End of metarig_palm_02_L
                  Frame metarig_palm_03_L {
                    FrameTransformMatrix {
                       0.996926,-0.063829, 0.045425, 0.000000,
                       0.065753, 0.996943,-0.042199, 0.000000,
                      -0.042592, 0.045056, 0.998076, 0.000000,
                       0.009901, 0.042194,-0.007321, 1.000000;;
                    }
                    Frame metarig_f_ring_01_L {
                      FrameTransformMatrix {
                         0.998792, 0.026967, 0.041073, 0.000000,
                        -0.029320, 0.997897, 0.057809, 0.000000,
                        -0.039428,-0.058943, 0.997482, 0.000000,
                        -0.000000, 0.073558,-0.000000, 1.000000;;
                      }
                      Frame metarig_f_ring_02_L {
                        FrameTransformMatrix {
                           0.998273,-0.044353, 0.038530, 0.000000,
                           0.038163, 0.988142, 0.148724, 0.000000,
                          -0.044670,-0.146996, 0.988128, 0.000000,
                          -0.000000, 0.047231, 0.000000, 1.000000;;
                        }
                        Frame metarig_f_ring_03_L {
                          FrameTransformMatrix {
                             0.993890,-0.085254, 0.070109, 0.000000,
                             0.059313, 0.948177, 0.312157, 0.000000,
                            -0.093088,-0.306091, 0.947440, 0.000000,
                            -0.000000, 0.033515, 0.000000, 1.000000;;
                          }
                        } // End of metarig_f_ring_03_L
                      } // End of metarig_f_ring_02_L
                    } // End of metarig_f_ring_01_L
                  } // End of metarig_palm_03_L
                  Frame metarig_palm_04_L {
                    FrameTransformMatrix {
                       0.981906,-0.188480, 0.018305, 0.000000,
                       0.188534, 0.982066,-0.001261, 0.000000,
                      -0.017739, 0.004689, 0.999831, 0.000000,
                       0.025449, 0.037932,-0.004812, 1.000000;;
                    }
                    Frame metarig_f_pinky_01_L {
                      FrameTransformMatrix {
                         0.976383, 0.060049, 0.207535, 0.000000,
                        -0.102379, 0.974496, 0.199692, 0.000000,
                        -0.190251,-0.216223, 0.957628, 0.000000,
                         0.000000, 0.078833,-0.000000, 1.000000;;
                      }
                      Frame metarig_f_pinky_02_L {
                        FrameTransformMatrix {
                           0.999243,-0.033340, 0.020066, 0.000000,
                           0.031466, 0.995675, 0.087409, 0.000000,
                          -0.022893,-0.086712, 0.995970, 0.000000,
                          -0.000000, 0.029378,-0.000000, 1.000000;;
                        }
                        Frame metarig_f_pinky_03_L {
                          FrameTransformMatrix {
                             0.999090,-0.032678, 0.027417, 0.000000,
                             0.027469, 0.984614, 0.172573, 0.000000,
                            -0.032635,-0.171663, 0.984615, 0.000000,
                             0.000000, 0.023810,-0.000000, 1.000000;;
                          }
                        } // End of metarig_f_pinky_03_L
                      } // End of metarig_f_pinky_02_L
                    } // End of metarig_f_pinky_01_L
                  } // End of metarig_palm_04_L
                } // End of metarig_hand_L
              } // End of metarig_forearm_L
            } // End of metarig_upper_arm_L
          } // End of metarig_shoulder_L
          Frame metarig_shoulder_R {
            FrameTransformMatrix {
               0.430047, 0.031391,-0.902260, 0.000000,
              -0.902806, 0.014372,-0.429807, 0.000000,
              -0.000525, 0.999404, 0.034521, 0.000000,
              -0.019286, 0.220120, 0.082105, 1.000000;;
            }
            Frame metarig_upper_arm_R {
              FrameTransformMatrix {
                -0.215172, 0.587991, 0.779723, 0.000000,
                -0.362364, 0.693354,-0.622859, 0.000000,
                -0.906859,-0.416565, 0.063876, 0.000000,
                -0.008210, 0.211611,-0.022240, 1.000000;;
              }
              Frame metarig_forearm_R {
                FrameTransformMatrix {
                   0.999913,-0.006068,-0.011744, 0.000000,
                   0.007206, 0.995017, 0.099446, 0.000000,
                   0.011083,-0.099522, 0.994974, 0.000000,
                  -0.000000, 0.304056,-0.000000, 1.000000;;
                }
                Frame metarig_hand_R {
                  FrameTransformMatrix {
                    -0.009375, 0.049840, 0.998713, 0.000000,
                    -0.056126, 0.997157,-0.050290, 0.000000,
                    -0.998380,-0.056525,-0.006551, 0.000000,
                    -0.000000, 0.276998,-0.000000, 1.000000;;
                  }
                  Frame metarig_palm_01_R {
                    FrameTransformMatrix {
                       0.964601,-0.263498, 0.010709, 0.000000,
                       0.263557, 0.964633,-0.004561, 0.000000,
                      -0.009129, 0.007222, 0.999932, 0.000000,
                       0.050909, 0.041890,-0.005541, 1.000000;;
                    }
                    Frame metarig_f_index_01_R {
                      FrameTransformMatrix {
                         0.976919, 0.173449, 0.124674, 0.000000,
                        -0.149840, 0.972420,-0.178735, 0.000000,
                        -0.152237, 0.155928, 0.975966, 0.000000,
                         0.000000, 0.073378,-0.000000, 1.000000;;
                      }
                      Frame metarig_f_index_02_R {
                        FrameTransformMatrix {
                           0.999848, 0.012693,-0.011986, 0.000000,
                          -0.010669, 0.987696, 0.156024, 0.000000,
                           0.013819,-0.155872, 0.987680, 0.000000,
                          -0.000000, 0.047476, 0.000000, 1.000000;;
                        }
                        Frame metarig_f_index_03_R {
                          FrameTransformMatrix {
                             0.997918, 0.064000,-0.007971, 0.000000,
                            -0.060540, 0.972159, 0.226367, 0.000000,
                             0.022236,-0.225413, 0.974010, 0.000000,
                             0.000000, 0.029739, 0.000000, 1.000000;;
                          }
                        } // End of metarig_f_index_03_R
                      } // End of metarig_f_index_02_R
                    } // End of metarig_f_index_01_R
                    Frame metarig_thumb_01_R {
                      FrameTransformMatrix {
                        -0.089073,-0.528671, 0.844141, 0.000000,
                         0.296951, 0.794872, 0.529149, 0.000000,
                        -0.950729, 0.297801, 0.086188, 0.000000,
                         0.026403,-0.016897, 0.025837, 1.000000;;
                      }
                      Frame metarig_thumb_02_R {
                        FrameTransformMatrix {
                           0.989123, 0.146644, 0.011428, 0.000000,
                          -0.142810, 0.938845, 0.313328, 0.000000,
                           0.035218,-0.311552, 0.949576, 0.000000,
                           0.000000, 0.043994,-0.000000, 1.000000;;
                        }
                        Frame metarig_thumb_03_R {
                          FrameTransformMatrix {
                             0.996596, 0.082258, 0.005442, 0.000000,
                            -0.082392, 0.996070, 0.032495, 0.000000,
                            -0.002747,-0.032833, 0.999457, 0.000000,
                             0.000000, 0.035248,-0.000000, 1.000000;;
                          }
                        } // End of metarig_thumb_03_R
                      } // End of metarig_thumb_02_R
                    } // End of metarig_thumb_01_R
                  } // End of metarig_palm_01_R
                  Frame metarig_palm_02_R {
                    FrameTransformMatrix {
                       0.997847,-0.065048,-0.008371, 0.000000,
                       0.064859, 0.997670,-0.021164, 0.000000,
                       0.009729, 0.020575, 0.999741, 0.000000,
                       0.014760, 0.044346,-0.008115, 1.000000;;
                    }
                    Frame metarig_f_middle_01_R {
                      FrameTransformMatrix {
                         0.996431, 0.067499, 0.050680, 0.000000,
                        -0.063209, 0.994630,-0.081942, 0.000000,
                        -0.055939, 0.078447, 0.995348, 0.000000,
                        -0.000000, 0.071861,-0.000000, 1.000000;;
                      }
                      Frame metarig_f_middle_02_R {
                        FrameTransformMatrix {
                           0.996837, 0.038207,-0.069693, 0.000000,
                          -0.020685, 0.971370, 0.236667, 0.000000,
                           0.076740,-0.234477, 0.969088, 0.000000,
                           0.000000, 0.052219, 0.000000, 1.000000;;
                        }
                        Frame metarig_f_middle_03_R {
                          FrameTransformMatrix {
                             0.998510, 0.039460,-0.037690, 0.000000,
                            -0.034794, 0.992486, 0.117311, 0.000000,
                             0.042036,-0.115825, 0.992380, 0.000000,
                            -0.000000, 0.033925,-0.000000, 1.000000;;
                          }
                        } // End of metarig_f_middle_03_R
                      } // End of metarig_f_middle_02_R
                    } // End of metarig_f_middle_01_R
                  } // End of metarig_palm_02_R
                  Frame metarig_palm_03_R {
                    FrameTransformMatrix {
                       0.996832, 0.065253,-0.045484, 0.000000,
                      -0.067180, 0.996848,-0.042196, 0.000000,
                       0.042587, 0.045118, 0.998074, 0.000000,
                      -0.009796, 0.042204,-0.007321, 1.000000;;
                    }
                    Frame metarig_f_ring_01_R {
                      FrameTransformMatrix {
                         0.998753,-0.028396,-0.041069, 0.000000,
                         0.030750, 0.997850, 0.057871, 0.000000,
                         0.039338,-0.059062, 0.997479, 0.000000,
                        -0.000000, 0.073555,-0.000000, 1.000000;;
                      }
                      Frame metarig_f_ring_02_R {
                        FrameTransformMatrix {
                           0.998273, 0.044352,-0.038533, 0.000000,
                          -0.038163, 0.988147, 0.148690, 0.000000,
                           0.044671,-0.146962, 0.988133, 0.000000,
                           0.000000, 0.047231, 0.000000, 1.000000;;
                        }
                        Frame metarig_f_ring_03_R {
                          FrameTransformMatrix {
                             0.993883, 0.085280,-0.070171, 0.000000,
                            -0.059311, 0.948150, 0.312240, 0.000000,
                             0.093160,-0.306168, 0.947408, 0.000000,
                             0.000000, 0.033515,-0.000000, 1.000000;;
                          }
                        } // End of metarig_f_ring_03_R
                      } // End of metarig_f_ring_02_R
                    } // End of metarig_f_ring_01_R
                  } // End of metarig_palm_03_R
                  Frame metarig_palm_04_R {
                    FrameTransformMatrix {
                       0.981907, 0.188477,-0.018306, 0.000000,
                      -0.188532, 0.982066,-0.001269, 0.000000,
                       0.017739, 0.004697, 0.999832, 0.000000,
                      -0.025449, 0.037932,-0.004812, 1.000000;;
                    }
                    Frame metarig_f_pinky_01_R {
                      FrameTransformMatrix {
                         0.976381,-0.060036,-0.207547, 0.000000,
                         0.102378, 0.974486, 0.199741, 0.000000,
                         0.190260,-0.216272, 0.957616, 0.000000,
                         0.000000, 0.078833, 0.000000, 1.000000;;
                      }
                      Frame metarig_f_pinky_02_R {
                        FrameTransformMatrix {
                           0.999244, 0.033324,-0.020034, 0.000000,
                          -0.031453, 0.995681, 0.087351, 0.000000,
                           0.022858,-0.086655, 0.995976, 0.000000,
                          -0.000000, 0.029379, 0.000000, 1.000000;;
                        }
                        Frame metarig_f_pinky_03_R {
                          FrameTransformMatrix {
                             0.999091, 0.032669,-0.027383, 0.000000,
                            -0.027465, 0.984612, 0.172586, 0.000000,
                             0.032600,-0.171677, 0.984614, 0.000000,
                             0.000000, 0.023810, 0.000000, 1.000000;;
                          }
                        } // End of metarig_f_pinky_03_R
                      } // End of metarig_f_pinky_02_R
                    } // End of metarig_f_pinky_01_R
                  } // End of metarig_palm_04_R
                } // End of metarig_hand_R
              } // End of metarig_forearm_R
            } // End of metarig_upper_arm_R
          } // End of metarig_shoulder_R
        } // End of metarig_chest
      } // End of metarig_spine
      Frame metarig_thigh_L {
        FrameTransformMatrix {
           0.999164,-0.039287, 0.011273, 0.000000,
          -0.040869,-0.963742, 0.263688, 0.000000,
           0.000504,-0.263929,-0.964541, 0.000000,
           0.125746, 0.145801, 0.072237, 1.000000;;
        }
        Frame metarig_shin_L {
          FrameTransformMatrix {
             0.996665,-0.080963,-0.010201, 0.000000,
             0.081333, 0.995736, 0.043519, 0.000000,
             0.006634,-0.044204, 0.999001, 0.000000,
            -0.000000, 0.472408,-0.000000, 1.000000;;
          }
          Frame metarig_foot_L {
            FrameTransformMatrix {
               0.990647,-0.064765, 0.120099, 0.000000,
               0.123594, 0.798860,-0.588682, 0.000000,
              -0.057817, 0.598020, 0.799393, 0.000000,
               0.000000, 0.277456,-0.000000, 1.000000;;
            }
            Frame metarig_toe_L {
              FrameTransformMatrix {
                -0.988519,-0.149131, 0.024277, 0.000000,
                -0.116228, 0.647869,-0.752833, 0.000000,
                 0.096543,-0.747012,-0.657764, 0.000000,
                 0.000000, 0.222343, 0.000000, 1.000000;;
              }
            } // End of metarig_toe_L
          } // End of metarig_foot_L
          Frame metarig_heel_L {
            FrameTransformMatrix {
              -0.994832,-0.082160,-0.059657, 0.000000,
              -0.095900, 0.953339, 0.286263, 0.000000,
               0.033354, 0.290505,-0.956292, 0.000000,
               0.000000, 0.277456,-0.000000, 1.000000;;
            }
            Frame metarig_heel_02_L {
              FrameTransformMatrix {
                 0.057673,-0.535446, 0.842598, 0.000000,
                -0.997968,-0.053816, 0.034108, 0.000000,
                 0.027082,-0.842853,-0.537461, 0.000000,
                 0.028407, 0.122840, 0.045390, 1.000000;;
              }
            } // End of metarig_heel_02_L
          } // End of metarig_heel_L
        } // End of metarig_shin_L
      } // End of metarig_thigh_L
      Frame metarig_thigh_R {
        FrameTransformMatrix {
           0.998584, 0.051183,-0.014515, 0.000000,
           0.053198,-0.963736, 0.261501, 0.000000,
          -0.000605,-0.261903,-0.965094, 0.000000,
          -0.125746, 0.138762, 0.076047, 1.000000;;
        }
        Frame metarig_shin_R {
          FrameTransformMatrix {
             0.995939, 0.089407, 0.010556, 0.000000,
            -0.089794, 0.994951, 0.044831, 0.000000,
            -0.006495,-0.045597, 0.998939, 0.000000,
             0.000000, 0.469996,-0.000000, 1.000000;;
          }
          Frame metarig_foot_R {
            FrameTransformMatrix {
               0.986006, 0.091782,-0.139166, 0.000000,
              -0.156753, 0.794578,-0.586578, 0.000000,
               0.056741, 0.600185, 0.797846, 0.000000,
               0.000000, 0.269464, 0.000000, 1.000000;;
            }
            Frame metarig_toe_R {
              FrameTransformMatrix {
                -0.983539, 0.178929,-0.025222, 0.000000,
                 0.135942, 0.640732,-0.755634, 0.000000,
                -0.119044,-0.746624,-0.654509, 0.000000,
                 0.000000, 0.227176,-0.000000, 1.000000;;
              }
            } // End of metarig_toe_R
          } // End of metarig_foot_R
          Frame metarig_heel_R {
            FrameTransformMatrix {
              -0.997674, 0.054570, 0.040850, 0.000000,
               0.063520, 0.961695, 0.266662, 0.000000,
              -0.024733, 0.268637,-0.962924, 0.000000,
               0.000000, 0.269464, 0.000000, 1.000000;;
            }
            Frame metarig_heel_02_R {
              FrameTransformMatrix {
                 0.032885, 0.523946,-0.851116, 0.000000,
                 0.999418,-0.024969, 0.023244, 0.000000,
                -0.009073,-0.851385,-0.524463, 0.000000,
                -0.030952, 0.141828, 0.052769, 1.000000;;
              }
            } // End of metarig_heel_02_R
          } // End of metarig_heel_R
        } // End of metarig_shin_R
      } // End of metarig_thigh_R
    } // End of metarig_hips
    Frame Unity_Untitled_004 {
      FrameTransformMatrix {
         1.000000, 0.000000, 0.000000, 0.000000,
         0.000000,-0.000000, 1.000000, 0.000000,
         0.000000,-1.000000,-0.000000, 0.000000,
         0.000000,-0.006505, 0.117220, 1.000000;;
      }
    } // End of Unity_Untitled_004
  } // End of metarig
} // End of Root
AnimationSet Unity_Untitled_004Action {
  Animation {
    {Unity_Untitled_004}
    AnimationKey { // Rotation
      0;
      61;
      0;4;-0.707107, 0.707107, 0.000000, 0.000000;;,
      1;4;-0.707107, 0.707107, 0.000000, 0.000000;;,
      2;4;-0.707107, 0.707107, 0.000000, 0.000000;;,
      3;4;-0.707107, 0.707107, 0.000000, 0.000000;;,
      4;4;-0.707107, 0.707107, 0.000000, 0.000000;;,
      5;4;-0.707107, 0.707107, 0.000000, 0.000000;;,
      6;4;-0.707107, 0.707107, 0.000000, 0.000000;;,
      7;4;-0.707107, 0.707107, 0.000000, 0.000000;;,
      8;4;-0.707107, 0.707107, 0.000000, 0.000000;;,
      9;4;-0.707107, 0.707107, 0.000000, 0.000000;;,
      10;4;-0.707107, 0.707107, 0.000000, 0.000000;;,
      11;4;-0.707107, 0.707107, 0.000000, 0.000000;;,
      12;4;-0.707107, 0.707107, 0.000000, 0.000000;;,
      13;4;-0.707107, 0.707107, 0.000000, 0.000000;;,
      14;4;-0.707107, 0.707107, 0.000000, 0.000000;;,
      15;4;-0.707107, 0.707107, 0.000000, 0.000000;;,
      16;4;-0.707107, 0.707107, 0.000000, 0.000000;;,
      17;4;-0.707107, 0.707107, 0.000000, 0.000000;;,
      18;4;-0.707107, 0.707107, 0.000000, 0.000000;;,
      19;4;-0.707107, 0.707107, 0.000000, 0.000000;;,
      20;4;-0.707107, 0.707107, 0.000000, 0.000000;;,
      21;4;-0.707107, 0.707107, 0.000000, 0.000000;;,
      22;4;-0.707107, 0.707107, 0.000000, 0.000000;;,
      23;4;-0.707107, 0.707107, 0.000000, 0.000000;;,
      24;4;-0.707107, 0.707107, 0.000000, 0.000000;;,
      25;4;-0.707107, 0.707107, 0.000000, 0.000000;;,
      26;4;-0.707107, 0.707107, 0.000000, 0.000000;;,
      27;4;-0.707107, 0.707107, 0.000000, 0.000000;;,
      28;4;-0.707107, 0.707107, 0.000000, 0.000000;;,
      29;4;-0.707107, 0.707107, 0.000000, 0.000000;;,
      30;4;-0.707107, 0.707107, 0.000000, 0.000000;;,
      31;4;-0.707107, 0.707107, 0.000000, 0.000000;;,
      32;4;-0.707107, 0.707107, 0.000000, 0.000000;;,
      33;4;-0.707107, 0.707107, 0.000000, 0.000000;;,
      34;4;-0.707107, 0.707107, 0.000000, 0.000000;;,
      35;4;-0.707107, 0.707107, 0.000000, 0.000000;;,
      36;4;-0.707107, 0.707107, 0.000000, 0.000000;;,
      37;4;-0.707107, 0.707107, 0.000000, 0.000000;;,
      38;4;-0.707107, 0.707107, 0.000000, 0.000000;;,
      39;4;-0.707107, 0.707107, 0.000000, 0.000000;;,
      40;4;-0.707107, 0.707107, 0.000000, 0.000000;;,
      41;4;-0.707107, 0.707107, 0.000000, 0.000000;;,
      42;4;-0.707107, 0.707107, 0.000000, 0.000000;;,
      43;4;-0.707107, 0.707107, 0.000000, 0.000000;;,
      44;4;-0.707107, 0.707107, 0.000000, 0.000000;;,
      45;4;-0.707107, 0.707107, 0.000000, 0.000000;;,
      46;4;-0.707107, 0.707107, 0.000000, 0.000000;;,
      47;4;-0.707107, 0.707107, 0.000000, 0.000000;;,
      48;4;-0.707107, 0.707107, 0.000000, 0.000000;;,
      49;4;-0.707107, 0.707107, 0.000000, 0.000000;;,
      50;4;-0.707107, 0.707107, 0.000000, 0.000000;;,
      51;4;-0.707107, 0.707107, 0.000000, 0.000000;;,
      52;4;-0.707107, 0.707107, 0.000000, 0.000000;;,
      53;4;-0.707107, 0.707107, 0.000000, 0.000000;;,
      54;4;-0.707107, 0.707107, 0.000000, 0.000000;;,
      55;4;-0.707107, 0.707107, 0.000000, 0.000000;;,
      56;4;-0.707107, 0.707107, 0.000000, 0.000000;;,
      57;4;-0.707107, 0.707107, 0.000000, 0.000000;;,
      58;4;-0.707107, 0.707107, 0.000000, 0.000000;;,
      59;4;-0.707107, 0.707107, 0.000000, 0.000000;;,
      60;4;-0.707107, 0.707107, 0.000000, 0.000000;;;
    }
    AnimationKey { // Scale
      1;
      61;
      0;3; 1.000000, 1.000000, 1.000000;;,
      1;3; 1.000000, 1.000000, 1.000000;;,
      2;3; 1.000000, 1.000000, 1.000000;;,
      3;3; 1.000000, 1.000000, 1.000000;;,
      4;3; 1.000000, 1.000000, 1.000000;;,
      5;3; 1.000000, 1.000000, 1.000000;;,
      6;3; 1.000000, 1.000000, 1.000000;;,
      7;3; 1.000000, 1.000000, 1.000000;;,
      8;3; 1.000000, 1.000000, 1.000000;;,
      9;3; 1.000000, 1.000000, 1.000000;;,
      10;3; 1.000000, 1.000000, 1.000000;;,
      11;3; 1.000000, 1.000000, 1.000000;;,
      12;3; 1.000000, 1.000000, 1.000000;;,
      13;3; 1.000000, 1.000000, 1.000000;;,
      14;3; 1.000000, 1.000000, 1.000000;;,
      15;3; 1.000000, 1.000000, 1.000000;;,
      16;3; 1.000000, 1.000000, 1.000000;;,
      17;3; 1.000000, 1.000000, 1.000000;;,
      18;3; 1.000000, 1.000000, 1.000000;;,
      19;3; 1.000000, 1.000000, 1.000000;;,
      20;3; 1.000000, 1.000000, 1.000000;;,
      21;3; 1.000000, 1.000000, 1.000000;;,
      22;3; 1.000000, 1.000000, 1.000000;;,
      23;3; 1.000000, 1.000000, 1.000000;;,
      24;3; 1.000000, 1.000000, 1.000000;;,
      25;3; 1.000000, 1.000000, 1.000000;;,
      26;3; 1.000000, 1.000000, 1.000000;;,
      27;3; 1.000000, 1.000000, 1.000000;;,
      28;3; 1.000000, 1.000000, 1.000000;;,
      29;3; 1.000000, 1.000000, 1.000000;;,
      30;3; 1.000000, 1.000000, 1.000000;;,
      31;3; 1.000000, 1.000000, 1.000000;;,
      32;3; 1.000000, 1.000000, 1.000000;;,
      33;3; 1.000000, 1.000000, 1.000000;;,
      34;3; 1.000000, 1.000000, 1.000000;;,
      35;3; 1.000000, 1.000000, 1.000000;;,
      36;3; 1.000000, 1.000000, 1.000000;;,
      37;3; 1.000000, 1.000000, 1.000000;;,
      38;3; 1.000000, 1.000000, 1.000000;;,
      39;3; 1.000000, 1.000000, 1.000000;;,
      40;3; 1.000000, 1.000000, 1.000000;;,
      41;3; 1.000000, 1.000000, 1.000000;;,
      42;3; 1.000000, 1.000000, 1.000000;;,
      43;3; 1.000000, 1.000000, 1.000000;;,
      44;3; 1.000000, 1.000000, 1.000000;;,
      45;3; 1.000000, 1.000000, 1.000000;;,
      46;3; 1.000000, 1.000000, 1.000000;;,
      47;3; 1.000000, 1.000000, 1.000000;;,
      48;3; 1.000000, 1.000000, 1.000000;;,
      49;3; 1.000000, 1.000000, 1.000000;;,
      50;3; 1.000000, 1.000000, 1.000000;;,
      51;3; 1.000000, 1.000000, 1.000000;;,
      52;3; 1.000000, 1.000000, 1.000000;;,
      53;3; 1.000000, 1.000000, 1.000000;;,
      54;3; 1.000000, 1.000000, 1.000000;;,
      55;3; 1.000000, 1.000000, 1.000000;;,
      56;3; 1.000000, 1.000000, 1.000000;;,
      57;3; 1.000000, 1.000000, 1.000000;;,
      58;3; 1.000000, 1.000000, 1.000000;;,
      59;3; 1.000000, 1.000000, 1.000000;;,
      60;3; 1.000000, 1.000000, 1.000000;;;
    }
    AnimationKey { // Position
      2;
      61;
      0;3; 0.000000,-0.006505, 0.117220;;,
      1;3; 0.000000,-0.006505, 0.117220;;,
      2;3; 0.000000,-0.006505, 0.117220;;,
      3;3; 0.000000,-0.006505, 0.117220;;,
      4;3; 0.000000,-0.006505, 0.117220;;,
      5;3; 0.000000,-0.006505, 0.117220;;,
      6;3; 0.000000,-0.006505, 0.117220;;,
      7;3; 0.000000,-0.006505, 0.117220;;,
      8;3; 0.000000,-0.006505, 0.117220;;,
      9;3; 0.000000,-0.006505, 0.117220;;,
      10;3; 0.000000,-0.006505, 0.117220;;,
      11;3; 0.000000,-0.006505, 0.117220;;,
      12;3; 0.000000,-0.006505, 0.117220;;,
      13;3; 0.000000,-0.006505, 0.117220;;,
