xof 0303txt 0032

template XSkinMeshHeader {
  <3cf169ce-ff7c-44ab-93c0-f78f62d172e2>
  WORD nMaxSkinWeightsPerVertex;
  WORD nMaxSkinWeightsPerFace;
  WORD nBones;
}

template SkinWeights {
  <6f0d123b-bad2-4167-a0d0-80224f25fabb>
  STRING transformNodeName;
  DWORD nWeights;
  array DWORD vertexIndices[nWeights];
  array float weights[nWeights];
  Matrix4x4 matrixOffset;
}

Frame Root {
  FrameTransformMatrix {
     1.000000, 0.000000, 0.000000, 0.000000,
     0.000000,-0.000000, 1.000000, 0.000000,
     0.000000, 1.000000, 0.000000, 0.000000,
     0.000000, 0.000000, 0.000000, 1.000000;;
  }
  Frame metarig {
    FrameTransformMatrix {
       1.000000, 0.000000, 0.000000, 0.000000,
       0.000000, 1.000000, 0.000000, 0.000000,
       0.000000, 0.000000, 1.000000, 0.000000,
      -0.994531, 0.000000, 0.000000, 1.000000;;
    }
    Frame metarig_hips {
      FrameTransformMatrix {
        -1.000000, 0.000000, 0.000000, 0.000000,
         0.000000, 0.213596, 0.976922, 0.000000,
         0.000000, 0.976922,-0.213596, 0.000000,
         1.000000,-0.157520, 0.769929, 1.000000;;
      }
      Frame metarig_spine {
        FrameTransformMatrix {
           1.000000,-0.000000,-0.000001, 0.000000,
          -0.000000, 0.989658,-0.143448, 0.000000,
           0.000001, 0.143448, 0.989658, 0.000000,
          -0.000000, 0.187492,-0.000000, 1.000000;;
        }
        Frame metarig_chest {
          FrameTransformMatrix {
             1.000000,-0.000000,-0.000000, 0.000000,
             0.000000, 0.994380,-0.105864, 0.000000,
             0.000000, 0.105864, 0.994380, 0.000000,
             0.000000, 0.221830,-0.000000, 1.000000;;
          }
          Frame metarig_chest_001 {
            FrameTransformMatrix {
              -1.000000, 0.000000,-0.000000, 0.000000,
              -0.000000,-0.604125, 0.796889, 0.000000,
               0.000000, 0.796889, 0.604126, 0.000000,
               0.000000, 0.250140,-0.000000, 1.000000;;
            }
          } // End of metarig_chest_001
          Frame metarig_neck {
            FrameTransformMatrix {
               1.000000, 0.000000, 0.000000, 0.000000,
              -0.000000, 0.949232, 0.314578, 0.000000,
              -0.000000,-0.314578, 0.949232, 0.000000,
               0.000000, 0.278970, 0.000000, 1.000000;;
            }
            Frame metarig_head {
              FrameTransformMatrix {
                 1.000000, 0.000000, 0.000000, 0.000000,
                 0.000000, 0.959589,-0.281406, 0.000000,
                -0.000000, 0.281406, 0.959589, 0.000000,
                 0.000000, 0.126698,-0.000000, 1.000000;;
              }
              Frame metarig_head_001_L {
                FrameTransformMatrix {
                   0.406995,-0.304574,-0.861156, 0.000000,
                  -0.666557, 0.545577,-0.507984, 0.000000,
                   0.624545, 0.780757, 0.019031, 0.000000,
                   0.000000, 0.743066, 0.200384, 1.000000;;
                }
                Frame metarig_head_001_L_001 {
                  FrameTransformMatrix {
                     0.766176,-0.582666, 0.271063, 0.000000,
                     0.500195, 0.275892,-0.820785, 0.000000,
                     0.403460, 0.764450, 0.502828, 0.000000,
                     0.000000, 0.533367, 0.000000, 1.000000;;
                  }
                  Frame metarig_head_001_L_002 {
                    FrameTransformMatrix {
                       0.746902,-0.650802, 0.136362, 0.000000,
                       0.074974, 0.286194, 0.955234, 0.000000,
                      -0.660694,-0.703242, 0.262552, 0.000000,
                      -0.000000, 0.356088, 0.000000, 1.000000;;
                    }
                  } // End of metarig_head_001_L_002
                } // End of metarig_head_001_L_001
              } // End of metarig_head_001_L
              Frame metarig_head_001_R {
                FrameTransformMatrix {
                   0.406995, 0.304574, 0.861156, 0.000000,
                   0.666557, 0.545576,-0.507985, 0.000000,
                  -0.624545, 0.780757, 0.019031, 0.000000,
                   0.000000, 0.743066, 0.200384, 1.000000;;
                }
                Frame metarig_head_001_R_001 {
                  FrameTransformMatrix {
                     0.766176, 0.582666,-0.271063, 0.000000,
                    -0.500195, 0.275892,-0.820785, 0.000000,
                    -0.403460, 0.764450, 0.502829, 0.000000,
                    -0.000000, 0.533367, 0.000000, 1.000000;;
                  }
                  Frame metarig_head_001_R_002 {
                    FrameTransformMatrix {
                       0.746902, 0.650802,-0.136362, 0.000000,
                      -0.074974, 0.286194, 0.955234, 0.000000,
                       0.660694,-0.703242, 0.262552, 0.000000,
                       0.000000, 0.356088,-0.000000, 1.000000;;
                    }
                  } // End of metarig_head_001_R_002
                } // End of metarig_head_001_R_001
              } // End of metarig_head_001_R
              Frame metarig_head_L {
                FrameTransformMatrix {
                   0.725808, 0.027993, 0.687328, 0.000000,
                   0.595448,-0.525877,-0.607367, 0.000000,
                   0.344448, 0.850100,-0.398354, 0.000000,
                  -0.000000, 0.374344, 0.000000, 1.000000;;
                }
                Frame metarig_head_L_001 {
                  FrameTransformMatrix {
                    -0.772787,-0.459207,-0.438096, 0.000000,
                    -0.216895, 0.839805,-0.497679, 0.000000,
                     0.596453,-0.289579,-0.748591, 0.000000,
                     0.000000, 0.687261,-0.000000, 1.000000;;
                  }
                  Frame metarig_head_L_002 {
                    FrameTransformMatrix {
                       0.994082, 0.102788, 0.035156, 0.000000,
                      -0.106488, 0.986013, 0.128216, 0.000000,
                      -0.021485,-0.131201, 0.991123, 0.000000,
                       0.000000, 0.624316, 0.000000, 1.000000;;
                    }
                  } // End of metarig_head_L_002
                } // End of metarig_head_L_001
              } // End of metarig_head_L
              Frame metarig_head_L_003 {
                FrameTransformMatrix {
                  -0.759769, 0.041541, 0.648865, 0.000000,
                   0.393987,-0.764461, 0.510268, 0.000000,
                   0.517229, 0.643330, 0.564447, 0.000000,
                  -0.000000, 0.374343,-0.000000, 1.000000;;
                }
                Frame metarig_head_L_004 {
                  FrameTransformMatrix {
                     0.702221,-0.711827, 0.013681, 0.000000,
                     0.309691, 0.288097,-0.906141, 0.000000,
                     0.641074, 0.640548, 0.422754, 0.000000,
                     0.000000, 0.404331,-0.000000, 1.000000;;
                  }
                } // End of metarig_head_L_004
              } // End of metarig_head_L_003
              Frame metarig_head_R {
                FrameTransformMatrix {
                   0.725807,-0.027993,-0.687328, 0.000000,
                  -0.595449,-0.525877,-0.607367, 0.000000,
                  -0.344448, 0.850100,-0.398353, 0.000000,
                   0.000000, 0.374344,-0.000000, 1.000000;;
                }
                Frame metarig_head_R_001 {
                  FrameTransformMatrix {
                    -0.772787, 0.459208, 0.438096, 0.000000,
                     0.216895, 0.839805,-0.497679, 0.000000,
                    -0.596453,-0.289579,-0.748590, 0.000000,
                    -0.000000, 0.687261,-0.000000, 1.000000;;
                  }
                  Frame metarig_head_R_002 {
                    FrameTransformMatrix {
                       0.994082,-0.102788,-0.035156, 0.000000,
                       0.106488, 0.986013, 0.128216, 0.000000,
                       0.021485,-0.131201, 0.991123, 0.000000,
                      -0.000000, 0.624317, 0.000000, 1.000000;;
                    }
                  } // End of metarig_head_R_002
                } // End of metarig_head_R_001
              } // End of metarig_head_R
              Frame metarig_head_R_003 {
                FrameTransformMatrix {
                  -0.759770,-0.041540,-0.648863, 0.000000,
                  -0.393985,-0.764463, 0.510268, 0.000000,
                  -0.517228, 0.643329, 0.564450, 0.000000,
                   0.000000, 0.374343, 0.000000, 1.000000;;
                }
                Frame metarig_head_R_004 {
                  FrameTransformMatrix {
                     0.702221, 0.711827,-0.013681, 0.000000,
                    -0.309691, 0.288097,-0.906141, 0.000000,
                    -0.641074, 0.640549, 0.422754, 0.000000,
                     0.000000, 0.404331, 0.000000, 1.000000;;
                  }
                } // End of metarig_head_R_004
              } // End of metarig_head_R_003
            } // End of metarig_head
          } // End of metarig_neck
          Frame metarig_shoulder_L {
            FrameTransformMatrix {
               0.349641,-0.032526, 0.936319, 0.000000,
               0.936875, 0.007853,-0.349576, 0.000000,
               0.004017, 0.999440, 0.033218, 0.000000,
               0.019286, 0.220120, 0.082105, 1.000000;;
            }
            Frame metarig_upper_arm_L {
              FrameTransformMatrix {
                -0.017141,-0.276885,-0.960751, 0.000000,
                 0.331780, 0.904872,-0.266700, 0.000000,
                 0.943201,-0.323329, 0.076355, 0.000000,
                 0.008213, 0.211606,-0.020727, 1.000000;;
              }
              Frame metarig_forearm_L {
                FrameTransformMatrix {
                   0.999937, 0.006255, 0.009266, 0.000000,
                  -0.007123, 0.995276, 0.096826, 0.000000,
                  -0.008616,-0.096886, 0.995258, 0.000000,
                   0.000000, 0.304056, 0.000000, 1.000000;;
                }
                Frame metarig_hand_L {
                  FrameTransformMatrix {
                    -0.009377,-0.049837,-0.998714, 0.000000,
                     0.056120, 0.997157,-0.050286, 0.000000,
                     0.998380,-0.056519,-0.006554, 0.000000,
                    -0.000000, 0.276998, 0.000000, 1.000000;;
                  }
                  Frame metarig_palm_01_L {
                    FrameTransformMatrix {
                       0.964601, 0.263495,-0.010705, 0.000000,
                      -0.263555, 0.964634,-0.004555, 0.000000,
                       0.009126, 0.007215, 0.999932, 0.000000,
                      -0.050909, 0.041890,-0.005541, 1.000000;;
                    }
                    Frame metarig_f_index_01_L {
                      FrameTransformMatrix {
                         0.976467,-0.175462,-0.125399, 0.000000,
                         0.151743, 0.972143,-0.178642, 0.000000,
                         0.153251, 0.155410, 0.975890, 0.000000,
                        -0.000000, 0.073378, 0.000001, 1.000000;;
                      }
                      Frame metarig_f_index_02_L {
                        FrameTransformMatrix {
                           0.999897,-0.007037, 0.012561, 0.000000,
                           0.005002, 0.987864, 0.155240, 0.000000,
                          -0.013501,-0.155161, 0.987797, 0.000000,
                          -0.000000, 0.047466, 0.000000, 1.000000;;
                        }
                        Frame metarig_f_index_03_L {
                          FrameTransformMatrix {
                             0.997688,-0.067498, 0.007891, 0.000000,
                             0.063956, 0.971847, 0.226765, 0.000000,
                            -0.022975,-0.225736, 0.973917, 0.000000,
                            -0.000000, 0.029744,-0.000000, 1.000000;;
                          }
                        } // End of metarig_f_index_03_L
                      } // End of metarig_f_index_02_L
                    } // End of metarig_f_index_01_L
                    Frame metarig_thumb_01_L {
                      FrameTransformMatrix {
                        -0.089069, 0.528676,-0.844138, 0.000000,
                        -0.296951, 0.794870, 0.529153, 0.000000,
                         0.950730, 0.297799, 0.086193, 0.000000,
                        -0.026403,-0.016897, 0.025838, 1.000000;;
                      }
                      Frame metarig_thumb_02_L {
                        FrameTransformMatrix {
                           0.989122,-0.146653,-0.011446, 0.000000,
                           0.142824, 0.938842, 0.313331, 0.000000,
                          -0.035205,-0.311558, 0.949575, 0.000000,
                           0.000000, 0.043994,-0.000000, 1.000000;;
                        }
                        Frame metarig_thumb_03_L {
                          FrameTransformMatrix {
                             0.996600,-0.082214,-0.005448, 0.000000,
                             0.082348, 0.996074, 0.032491, 0.000000,
                             0.002755,-0.032830, 0.999457, 0.000000,
                             0.000000, 0.035248, 0.000000, 1.000000;;
                          }
                        } // End of metarig_thumb_03_L
                      } // End of metarig_thumb_02_L
                    } // End of metarig_thumb_01_L
                  } // End of metarig_palm_01_L
                  Frame metarig_palm_02_L {
                    FrameTransformMatrix {
                       0.997847, 0.065045, 0.008375, 0.000000,
                      -0.064856, 0.997670,-0.021157, 0.000000,
                      -0.009731, 0.020568, 0.999741, 0.000000,
                      -0.014760, 0.044347,-0.008115, 1.000000;;
                    }
                    Frame metarig_f_middle_01_L {
                      FrameTransformMatrix {
                         0.996263,-0.069309,-0.051535, 0.000000,
                         0.064952, 0.994523,-0.081883, 0.000000,
                         0.056928, 0.078230, 0.995309, 0.000000,
                        -0.000000, 0.071861, 0.000000, 1.000000;;
                      }
                      Frame metarig_f_middle_02_L {
                        FrameTransformMatrix {
                           0.996960,-0.033197, 0.070481, 0.000000,
                           0.015649, 0.971564, 0.236258, 0.000000,
                          -0.076320,-0.234437, 0.969131, 0.000000,
                           0.000000, 0.052210, 0.000000, 1.000000;;
                        }
                        Frame metarig_f_middle_03_L {
                          FrameTransformMatrix {
                             0.998385,-0.042551, 0.037632, 0.000000,
                             0.037872, 0.992371, 0.117328, 0.000000,
                            -0.042337,-0.115713, 0.992380, 0.000000,
                             0.000000, 0.033931,-0.000000, 1.000000;;
                          }
                        } // End of metarig_f_middle_03_L
                      } // End of metarig_f_middle_02_L
                    } // End of metarig_f_middle_01_L
                  } // End of metarig_palm_02_L
                  Frame metarig_palm_03_L {
                    FrameTransformMatrix {
                       0.996926,-0.063829, 0.045426, 0.000000,
                       0.065753, 0.996943,-0.042201, 0.000000,
                      -0.042594, 0.045058, 0.998076, 0.000000,
                       0.009901, 0.042194,-0.007321, 1.000000;;
                    }
                    Frame metarig_f_ring_01_L {
                      FrameTransformMatrix {
                         0.998792, 0.026968, 0.041076, 0.000000,
                        -0.029321, 0.997897, 0.057807, 0.000000,
                        -0.039430,-0.058941, 0.997483, 0.000000,
                         0.000000, 0.073558,-0.000000, 1.000000;;
                      }
                      Frame metarig_f_ring_02_L {
                        FrameTransformMatrix {
                           0.998273,-0.044353, 0.038525, 0.000000,
                           0.038164, 0.988141, 0.148729, 0.000000,
                          -0.044665,-0.147002, 0.988127, 0.000000,
                           0.000000, 0.047231, 0.000000, 1.000000;;
                        }
                        Frame metarig_f_ring_03_L {
                          FrameTransformMatrix {
                             0.993889,-0.085254, 0.070112, 0.000000,
                             0.059313, 0.948178, 0.312154, 0.000000,
                            -0.093091,-0.306088, 0.947441, 0.000000,
                             0.000000, 0.033515, 0.000000, 1.000000;;
                          }
                        } // End of metarig_f_ring_03_L
                      } // End of metarig_f_ring_02_L
                    } // End of metarig_f_ring_01_L
                  } // End of metarig_palm_03_L
                  Frame metarig_palm_04_L {
                    FrameTransformMatrix {
                       0.981906,-0.188480, 0.018307, 0.000000,
                       0.188534, 0.982066,-0.001262, 0.000000,
                      -0.017741, 0.004691, 0.999831, 0.000000,
                       0.025449, 0.037932,-0.004812, 1.000000;;
                    }
                    Frame metarig_f_pinky_01_L {
                      FrameTransformMatrix {
                         0.976381, 0.060049, 0.207542, 0.000000,
                        -0.102379, 0.974497, 0.199686, 0.000000,
                        -0.190258,-0.216217, 0.957628, 0.000000,
                        -0.000000, 0.078833, 0.000000, 1.000000;;
                      }
                      Frame metarig_f_pinky_02_L {
                        FrameTransformMatrix {
                           0.999243,-0.033344, 0.020057, 0.000000,
                           0.031470, 0.995675, 0.087417, 0.000000,
                          -0.022885,-0.086720, 0.995970, 0.000000,
                           0.000000, 0.029378,-0.000000, 1.000000;;
                        }
                        Frame metarig_f_pinky_03_L {
                          FrameTransformMatrix {
                             0.999090,-0.032676, 0.027419, 0.000000,
                             0.027466, 0.984614, 0.172572, 0.000000,
                            -0.032636,-0.171661, 0.984615, 0.000000,
                             0.000000, 0.023810,-0.000000, 1.000000;;
                          }
                        } // End of metarig_f_pinky_03_L
                      } // End of metarig_f_pinky_02_L
                    } // End of metarig_f_pinky_01_L
                  } // End of metarig_palm_04_L
                } // End of metarig_hand_L
              } // End of metarig_forearm_L
            } // End of metarig_upper_arm_L
          } // End of metarig_shoulder_L
          Frame metarig_shoulder_R {
            FrameTransformMatrix {
               0.349642, 0.032526,-0.936319, 0.000000,
              -0.936875, 0.007854,-0.349577, 0.000000,
              -0.004017, 0.999440, 0.033219, 0.000000,
              -0.019286, 0.220120, 0.082105, 1.000000;;
            }
            Frame metarig_upper_arm_R {
              FrameTransformMatrix {
                -0.017140, 0.276885, 0.960751, 0.000000,
                -0.331780, 0.904872,-0.266700, 0.000000,
                -0.943202,-0.323329, 0.076355, 0.000000,
                -0.008213, 0.211607,-0.020728, 1.000000;;
              }
              Frame metarig_forearm_R {
                FrameTransformMatrix {
                   0.999912,-0.006068,-0.011746, 0.000000,
                   0.007207, 0.995017, 0.099445, 0.000000,
                   0.011084,-0.099521, 0.994973, 0.000000,
                  -0.000000, 0.304056, 0.000000, 1.000000;;
                }
                Frame metarig_WeaponHandle {
                  FrameTransformMatrix {
                     0.376678,-0.916395, 0.135403, 0.000000,
                    -0.143953, 0.086487, 0.985798, 0.000000,
                    -0.915091,-0.390820,-0.099340, 0.000000,
                    -0.000000, 0.276998, 0.000000, 1.000000;;
                  }
                  Frame metarig_WeaponForward1 {
                    FrameTransformMatrix {
                       0.014555, 0.999887,-0.003631, 0.000000,
                      -0.995457, 0.014148,-0.094151, 0.000000,
                      -0.094089, 0.004985, 0.995551, 0.000000,
                      -0.000000, 1.099331, 0.000000, 1.000000;;
                    }
                  } // End of metarig_WeaponForward1
                  Frame metarig_WeaponForward2 {
                    FrameTransformMatrix {
                      -0.018215,-0.999787,-0.009712, 0.000000,
                       0.999834,-0.018215,-0.000088, 0.000000,
                      -0.000088,-0.009712, 0.999953, 0.000000,
                      -0.000000, 1.099331, 0.000000, 1.000000;;
                    }
                  } // End of metarig_WeaponForward2
                } // End of metarig_WeaponHandle
                Frame metarig_hand_R {
                  FrameTransformMatrix {
                    -0.009377, 0.049837, 0.998713, 0.000000,
                    -0.056120, 0.997157,-0.050286, 0.000000,
                    -0.998380,-0.056519,-0.006554, 0.000000,
                    -0.000000, 0.276998, 0.000000, 1.000000;;
                  }
                  Frame metarig_palm_01_R {
                    FrameTransformMatrix {
                       0.964601,-0.263495, 0.010705, 0.000000,
                       0.263555, 0.964634,-0.004555, 0.000000,
                      -0.009126, 0.007215, 0.999933, 0.000000,
                       0.050909, 0.041890,-0.005542, 1.000000;;
                    }
                    Frame metarig_f_index_01_R {
                      FrameTransformMatrix {
                         0.976467, 0.175462, 0.125399, 0.000000,
                        -0.151743, 0.972143,-0.178642, 0.000000,
                        -0.153251, 0.155410, 0.975890, 0.000000,
                        -0.000000, 0.073378,-0.000000, 1.000000;;
                      }
                      Frame metarig_f_index_02_R {
                        FrameTransformMatrix {
                           0.999897, 0.007037,-0.012561, 0.000000,
                          -0.005002, 0.987864, 0.155240, 0.000000,
                           0.013501,-0.155161, 0.987797, 0.000000,
                           0.000000, 0.047466, 0.000000, 1.000000;;
                        }
                        Frame metarig_f_index_03_R {
                          FrameTransformMatrix {
                             0.997688, 0.067498,-0.007891, 0.000000,
                            -0.063956, 0.971847, 0.226765, 0.000000,
                             0.022975,-0.225736, 0.973917, 0.000000,
                            -0.000000, 0.029744,-0.000000, 1.000000;;
                          }
                        } // End of metarig_f_index_03_R
                      } // End of metarig_f_index_02_R
                    } // End of metarig_f_index_01_R
                    Frame metarig_thumb_01_R {
                      FrameTransformMatrix {
                        -0.089069,-0.528676, 0.844138, 0.000000,
                         0.296951, 0.794869, 0.529153, 0.000000,
                        -0.950730, 0.297799, 0.086193, 0.000000,
                         0.026403,-0.016897, 0.025837, 1.000000;;
                      }
                      Frame metarig_thumb_02_R {
                        FrameTransformMatrix {
                           0.989121, 0.146653, 0.011446, 0.000000,
                          -0.142824, 0.938842, 0.313331, 0.000000,
                           0.035206,-0.311557, 0.949575, 0.000000,
                           0.000000, 0.043994,-0.000000, 1.000000;;
                        }
                        Frame metarig_thumb_03_R {
                          FrameTransformMatrix {
                             0.996600, 0.082213, 0.005448, 0.000000,
                            -0.082348, 0.996074, 0.032491, 0.000000,
                            -0.002755,-0.032830, 0.999457, 0.000000,
                             0.000000, 0.035248, 0.000000, 1.000000;;
                          }
                        } // End of metarig_thumb_03_R
                      } // End of metarig_thumb_02_R
                    } // End of metarig_thumb_01_R
                  } // End of metarig_palm_01_R
                  Frame metarig_palm_02_R {
                    FrameTransformMatrix {
                       0.997847,-0.065045,-0.008374, 0.000000,
                       0.064856, 0.997670,-0.021157, 0.000000,
                       0.009731, 0.020568, 0.999741, 0.000000,
                       0.014760, 0.044346,-0.008115, 1.000000;;
                    }
                    Frame metarig_f_middle_01_R {
                      FrameTransformMatrix {
                         0.996263, 0.069309, 0.051535, 0.000000,
                        -0.064952, 0.994523,-0.081883, 0.000000,
                        -0.056928, 0.078230, 0.995308, 0.000000,
                         0.000000, 0.071861, 0.000000, 1.000000;;
                      }
                      Frame metarig_f_middle_02_R {
                        FrameTransformMatrix {
                           0.996961, 0.033197,-0.070481, 0.000000,
                          -0.015649, 0.971564, 0.236258, 0.000000,
                           0.076320,-0.234437, 0.969131, 0.000000,
                           0.000000, 0.052210,-0.000000, 1.000000;;
                        }
                        Frame metarig_f_middle_03_R {
                          FrameTransformMatrix {
                             0.998385, 0.042551,-0.037632, 0.000000,
                            -0.037872, 0.992371, 0.117328, 0.000000,
                             0.042337,-0.115713, 0.992380, 0.000000,
                            -0.000000, 0.033931, 0.000000, 1.000000;;
                          }
                        } // End of metarig_f_middle_03_R
                      } // End of metarig_f_middle_02_R
                    } // End of metarig_f_middle_01_R
                  } // End of metarig_palm_02_R
                  Frame metarig_palm_03_R {
                    FrameTransformMatrix {
                       0.996927, 0.063829,-0.045426, 0.000000,
                      -0.065753, 0.996943,-0.042201, 0.000000,
                       0.042594, 0.045058, 0.998076, 0.000000,
                      -0.009901, 0.042194,-0.007321, 1.000000;;
                    }
                    Frame metarig_f_ring_01_R {
                      FrameTransformMatrix {
                         0.998792,-0.026968,-0.041076, 0.000000,
                         0.029321, 0.997897, 0.057807, 0.000000,
                         0.039430,-0.058941, 0.997483, 0.000000,
                         0.000000, 0.073558, 0.000000, 1.000000;;
                      }
                      Frame metarig_f_ring_02_R {
                        FrameTransformMatrix {
                           0.998273, 0.044353,-0.038525, 0.000000,
                          -0.038164, 0.988141, 0.148729, 0.000000,
                           0.044665,-0.147001, 0.988127, 0.000000,
                           0.000000, 0.047231, 0.000000, 1.000000;;
                        }
                        Frame metarig_f_ring_03_R {
                          FrameTransformMatrix {
                             0.993889, 0.085254,-0.070112, 0.000000,
                            -0.059313, 0.948178, 0.312154, 0.000000,
                             0.093091,-0.306088, 0.947440, 0.000000,
                             0.000000, 0.033514,-0.000000, 1.000000;;
                          }
                        } // End of metarig_f_ring_03_R
                      } // End of metarig_f_ring_02_R
                    } // End of metarig_f_ring_01_R
                  } // End of metarig_palm_03_R
                  Frame metarig_palm_04_R {
                    FrameTransformMatrix {
                       0.981907, 0.188480,-0.018307, 0.000000,
                      -0.188534, 0.982066,-0.001262, 0.000000,
                       0.017741, 0.004691, 0.999831, 0.000000,
                      -0.025449, 0.037932,-0.004812, 1.000000;;
                    }
                    Frame metarig_f_pinky_01_R {
                      FrameTransformMatrix {
                         0.976381,-0.060049,-0.207542, 0.000000,
                         0.102379, 0.974497, 0.199686, 0.000000,
                         0.190258,-0.216217, 0.957628, 0.000000,
                         0.000000, 0.078833, 0.000000, 1.000000;;
                      }
                      Frame metarig_f_pinky_02_R {
                        FrameTransformMatrix {
                           0.999243, 0.033344,-0.020057, 0.000000,
                          -0.031470, 0.995674, 0.087417, 0.000000,
                           0.022885,-0.086719, 0.995970, 0.000000,
                           0.000000, 0.029378, 0.000000, 1.000000;;
                        }
                        Frame metarig_f_pinky_03_R {
                          FrameTransformMatrix {
                             0.999090, 0.032676,-0.027419, 0.000000,
                            -0.027466, 0.984614, 0.172571, 0.000000,
                             0.032636,-0.171661, 0.984615, 0.000000,
                            -0.000000, 0.023810,-0.000000, 1.000000;;
                          }
                        } // End of metarig_f_pinky_03_R
                      } // End of metarig_f_pinky_02_R
                    } // End of metarig_f_pinky_01_R
                  } // End of metarig_palm_04_R
                } // End of metarig_hand_R
              } // End of metarig_forearm_R
            } // End of metarig_upper_arm_R
          } // End of metarig_shoulder_R
        } // End of metarig_chest
        Frame metarig_spine_L {
          FrameTransformMatrix {
            -0.512368,-0.450876,-0.730883, 0.000000,
            -0.643532,-0.361963, 0.674425, 0.000000,
            -0.568635, 0.815900,-0.104694, 0.000000,
             0.000000, 0.221830,-0.000000, 1.000000;;
          }
        } // End of metarig_spine_L
        Frame metarig_spine_R {
          FrameTransformMatrix {
            -0.512369, 0.450876, 0.730883, 0.000000,
             0.643531,-0.361964, 0.674425, 0.000000,
             0.568635, 0.815900,-0.104694, 0.000000,
             0.000000, 0.221830,-0.000000, 1.000000;;
          }
        } // End of metarig_spine_R
      } // End of metarig_spine
      Frame metarig_thigh_L {
        FrameTransformMatrix {
           0.999165,-0.039290, 0.011269, 0.000000,
          -0.040872,-0.963742, 0.263689, 0.000000,
           0.000503,-0.263928,-0.964545, 0.000000,
           0.125746, 0.145801, 0.072237, 1.000000;;
        }
        Frame metarig_shin_L {
          FrameTransformMatrix {
             0.996665,-0.080963,-0.010201, 0.000000,
             0.081333, 0.995736, 0.043520, 0.000000,
             0.006634,-0.044204, 0.999001, 0.000000,
            -0.000000, 0.472409, 0.000000, 1.000000;;
          }
          Frame metarig_foot_L {
            FrameTransformMatrix {
               0.990647,-0.064764, 0.120099, 0.000000,
               0.123594, 0.798860,-0.588682, 0.000000,
              -0.057817, 0.598020, 0.799393, 0.000000,
               0.000000, 0.277456, 0.000000, 1.000000;;
            }
            Frame metarig_toe_L {
              FrameTransformMatrix {
                -0.988519,-0.149132, 0.024277, 0.000000,
                -0.116229, 0.647868,-0.752833, 0.000000,
                 0.096543,-0.747012,-0.657763, 0.000000,
                -0.000000, 0.222343, 0.000000, 1.000000;;
              }
            } // End of metarig_toe_L
          } // End of metarig_foot_L
          Frame metarig_heel_L {
            FrameTransformMatrix {
              -0.994832,-0.082161,-0.059658, 0.000000,
              -0.095901, 0.953340, 0.286264, 0.000000,
               0.033354, 0.290506,-0.956292, 0.000000,
               0.000000, 0.277456, 0.000000, 1.000000;;
            }
            Frame metarig_heel_02_L {
              FrameTransformMatrix {
                 0.057673,-0.535446, 0.842598, 0.000000,
                -0.997968,-0.053817, 0.034109, 0.000000,
                 0.027082,-0.842853,-0.537462, 0.000000,
                 0.028407, 0.122840, 0.045390, 1.000000;;
              }
            } // End of metarig_heel_02_L
          } // End of metarig_heel_L
        } // End of metarig_shin_L
      } // End of metarig_thigh_L
      Frame metarig_thigh_R {
        FrameTransformMatrix {
           0.999163, 0.039204,-0.011644, 0.000000,
           0.040887,-0.963721, 0.263761, 0.000000,
          -0.000881,-0.264017,-0.964518, 0.000000,
          -0.125746, 0.145801, 0.072237, 1.000000;;
        }
        Frame metarig_shin_R {
          FrameTransformMatrix {
             0.996669, 0.081029, 0.009192, 0.000000,
            -0.081336, 0.995871, 0.040299, 0.000000,
            -0.005889,-0.040912, 0.999145, 0.000000,
            -0.000000, 0.472409,-0.000000, 1.000000;;
          }
          Frame metarig_foot_R {
            FrameTransformMatrix {
               0.990647, 0.064765,-0.120099, 0.000000,
              -0.123594, 0.798860,-0.588682, 0.000000,
               0.057817, 0.598020, 0.799393, 0.000000,
               0.000000, 0.277456,-0.000000, 1.000000;;
            }
            Frame metarig_toe_R {
              FrameTransformMatrix {
                -0.988519, 0.149134,-0.024280, 0.000000,
                 0.116233, 0.647868,-0.752833, 0.000000,
                -0.096543,-0.747011,-0.657764, 0.000000,
                 0.000000, 0.222343,-0.000000, 1.000000;;
              }
            } // End of metarig_toe_R
          } // End of metarig_foot_R
          Frame metarig_heel_R {
            FrameTransformMatrix {
              -0.994832, 0.082161, 0.059654, 0.000000,
               0.095899, 0.953340, 0.286264, 0.000000,
              -0.033351, 0.290505,-0.956292, 0.000000,
               0.000000, 0.277456,-0.000000, 1.000000;;
            }
            Frame metarig_heel_02_R {
              FrameTransformMatrix {
                 0.057673, 0.535446,-0.842598, 0.000000,
                 0.997968,-0.053817, 0.034109, 0.000000,
                -0.027082,-0.842853,-0.537461, 0.000000,
                -0.028407, 0.122840, 0.045390, 1.000000;;
              }
            } // End of metarig_heel_02_R
          } // End of metarig_heel_R
        } // End of metarig_shin_R
      } // End of metarig_thigh_R
    } // End of metarig_hips
    Frame Cylinder01 {
      FrameTransformMatrix {
         1.000000, 0.000000, 0.000000, 0.000000,
         0.000000,-0.000000, 1.000000, 0.000000,
         0.000000,-1.000000,-0.000000, 0.000000,
         0.098978, 0.000000, 0.157354, 1.000000;;
      }
      Mesh { // Cylinder01 mesh
        276;
         0.487364; 0.718571;-1.298463;,
         0.557764; 0.769656;-1.298463;,
         0.586924; 0.718571;-1.298463;,
         0.487364; 0.718571;-1.298463;,
         0.487364; 0.790816;-1.298463;,
         0.557764; 0.769656;-1.298463;,
         0.487364; 0.718571;-1.298463;,
         0.416965; 0.769656;-1.298463;,
         0.487364; 0.790816;-1.298463;,
         0.487364; 0.718571;-1.298463;,
         0.387805; 0.718571;-1.298463;,
         0.416965; 0.769656;-1.298463;,
         0.487364; 0.718571;-1.298463;,
         0.416965; 0.667485;-1.298463;,
         0.387805; 0.718571;-1.298463;,
         0.487364; 0.718571;-1.298463;,
         0.487364; 0.646325;-1.298463;,
         0.416965; 0.667485;-1.298463;,
         0.487364; 0.718571;-1.298463;,
         0.557764; 0.667485;-1.298463;,
         0.487364; 0.646325;-1.298463;,
         0.487364; 0.718571;-1.298463;,
         0.586924; 0.718571;-1.298463;,
         0.557764; 0.667485;-1.298463;,
         0.586924; 0.718571;-1.298463;,
         0.557764; 0.769656; 0.493613;,
         0.586924; 0.718570; 0.493613;,
         0.586924; 0.718571;-1.298463;,
         0.557764; 0.769656;-1.298463;,
         0.557764; 0.769656; 0.493613;,
         0.557764; 0.769656;-1.298463;,
         0.487364; 0.790816; 0.493613;,
         0.557764; 0.769656; 0.493613;,
         0.557764; 0.769656;-1.298463;,
         0.487364; 0.790816;-1.298463;,
         0.487364; 0.790816; 0.493613;,
         0.487364; 0.790816;-1.298463;,
         0.416965; 0.769656; 0.493613;,
         0.487364; 0.790816; 0.493613;,
         0.487364; 0.790816;-1.298463;,
         0.416965; 0.769656;-1.298463;,
         0.416965; 0.769656; 0.493613;,
         0.416965; 0.769656;-1.298463;,
         0.387805; 0.718570; 0.493613;,
         0.416965; 0.769656; 0.493613;,
         0.416965; 0.769656;-1.298463;,
         0.387805; 0.718571;-1.298463;,
         0.387805; 0.718570; 0.493613;,
         0.387805; 0.718571;-1.298463;,
         0.416965; 0.667485; 0.493613;,
         0.387805; 0.718570; 0.493613;,
         0.387805; 0.718571;-1.298463;,
         0.416965; 0.667485;-1.298463;,
         0.416965; 0.667485; 0.493613;,
         0.416965; 0.667485;-1.298463;,
         0.487364; 0.646325; 0.493613;,
         0.416965; 0.667485; 0.493613;,
         0.416965; 0.667485;-1.298463;,
         0.487364; 0.646325;-1.298463;,
         0.487364; 0.646325; 0.493613;,
         0.487364; 0.646325;-1.298463;,
         0.557764; 0.667485; 0.493613;,
         0.487364; 0.646325; 0.493613;,
         0.487364; 0.646325;-1.298463;,
         0.557764; 0.667485;-1.298463;,
         0.557764; 0.667485; 0.493613;,
         0.557764; 0.667485;-1.298463;,
         0.586924; 0.718570; 0.493613;,
         0.557764; 0.667485; 0.493613;,
         0.557764; 0.667485;-1.298463;,
         0.586924; 0.718571;-1.298463;,
         0.586924; 0.718570; 0.493613;,
         0.487364; 0.718570; 0.493613;,
         0.586924; 0.718570; 0.493613;,
         0.557764; 0.769656; 0.493613;,
         0.487364; 0.718570; 0.493613;,
         0.557764; 0.769656; 0.493613;,
         0.487364; 0.790816; 0.493613;,
         0.487364; 0.718570; 0.493613;,
         0.487364; 0.790816; 0.493613;,
         0.416965; 0.769656; 0.493613;,
         0.487364; 0.718570; 0.493613;,
         0.416965; 0.769656; 0.493613;,
         0.387805; 0.718570; 0.493613;,
         0.487364; 0.718570; 0.493613;,
         0.387805; 0.718570; 0.493613;,
         0.416965; 0.667485; 0.493613;,
         0.487364; 0.718570; 0.493613;,
         0.416965; 0.667485; 0.493613;,
         0.487364; 0.646325; 0.493613;,
         0.487364; 0.718570; 0.493613;,
         0.487364; 0.646325; 0.493613;,
         0.557764; 0.667485; 0.493613;,
         0.487364; 0.718570; 0.493613;,
         0.557764; 0.667485; 0.493613;,
         0.586924; 0.718570; 0.493613;,
         0.238465; 0.867910;-0.750884;,
         0.238465; 0.569231;-0.750884;,
         0.736264; 0.569231;-0.750884;,
         0.736264; 0.569231;-0.750884;,
         0.736264; 0.867910;-0.750884;,
         0.238465; 0.867910;-0.750884;,
         0.238465; 0.867910;-1.248682;,
