xof 0303txt 0032

template XSkinMeshHeader {
  <3cf169ce-ff7c-44ab-93c0-f78f62d172e2>
  WORD nMaxSkinWeightsPerVertex;
  WORD nMaxSkinWeightsPerFace;
  WORD nBones;
}

template SkinWeights {
  <6f0d123b-bad2-4167-a0d0-80224f25fabb>
  STRING transformNodeName;
  DWORD nWeights;
  array DWORD vertexIndices[nWeights];
  array float weights[nWeights];
  Matrix4x4 matrixOffset;
}

Frame Root {
  FrameTransformMatrix {
     1.000000, 0.000000, 0.000000, 0.000000,
     0.000000,-0.000000, 1.000000, 0.000000,
     0.000000, 1.000000, 0.000000, 0.000000,
     0.000000, 0.000000, 0.000000, 1.000000;;
  }
  Frame metarig {
    FrameTransformMatrix {
      -0.884307,-0.000000, 0.000000, 0.000000,
       0.000000,-0.884307,-0.000000, 0.000000,
       0.000000,-0.000000, 0.884307, 0.000000,
       0.000000, 0.046990,-0.065759, 1.000000;;
    }
    Frame metarig_hips {
      FrameTransformMatrix {
         1.000000, 0.000000, 0.000000, 0.000000,
        -0.000000,-0.304602, 0.952480, 0.000000,
         0.000000,-0.952480,-0.304603, 0.000000,
         0.000190, 0.139504, 0.850673, 1.000000;;
      }
      Frame metarig_spine {
        FrameTransformMatrix {
           0.999977,-0.000965,-0.006685, 0.000000,
           0.000031, 0.990384,-0.138346, 0.000000,
           0.006754, 0.138342, 0.990361, 0.000000,
          -0.000000, 0.194719, 0.100356, 1.000000;;
        }
        Frame metarig_chest {
          FrameTransformMatrix {
             1.000000,-0.000000, 0.000000, 0.000000,
             0.000000, 0.999791,-0.020448, 0.000000,
            -0.000000, 0.020448, 0.999791, 0.000000,
             0.000000, 0.204419, 0.000000, 1.000000;;
          }
          Frame metarig_chest_L_001 {
            FrameTransformMatrix {
               0.985280, 0.168418, 0.029328, 0.000000,
               0.149463,-0.931926, 0.330416, 0.000000,
               0.082981,-0.321168,-0.943381, 0.000000,
               0.178681, 0.284611, 0.186572, 1.000000;;
            }
          } // End of metarig_chest_L_001
          Frame metarig_chest_R_001 {
            FrameTransformMatrix {
               0.985280,-0.168418,-0.029328, 0.000000,
              -0.149463,-0.931926, 0.330415, 0.000000,
              -0.082980,-0.321168,-0.943381, 0.000000,
              -0.179062, 0.284611, 0.186572, 1.000000;;
            }
          } // End of metarig_chest_R_001
          Frame metarig_neck {
            FrameTransformMatrix {
               1.000000, 0.000000,-0.000000, 0.000000,
              -0.000000, 0.949232, 0.314578, 0.000000,
               0.000000,-0.314578, 0.949232, 0.000000,
              -0.000000, 0.257075, 0.000000, 1.000000;;
            }
            Frame metarig_head {
              FrameTransformMatrix {
                 1.000000,-0.000000, 0.000000, 0.000000,
                 0.000000, 0.965914,-0.258862, 0.000000,
                -0.000000, 0.258862, 0.965914, 0.000000,
                -0.000000, 0.116755,-0.000000, 1.000000;;
              }
              Frame metarig_head_001 {
                FrameTransformMatrix {
                   1.000000, 0.000000, 0.000000, 0.000000,
                  -0.000000,-0.971563, 0.236782, 0.000000,
                   0.000000,-0.236782,-0.971566, 0.000000,
                   0.000000, 0.781247,-0.000000, 1.000000;;
                }
                Frame metarig_head_001_L {
                  FrameTransformMatrix {
                    -0.493018, 0.139190, 0.858812, 0.000000,
                    -0.697426, 0.526901,-0.485768, 0.000000,
                    -0.520124,-0.838451,-0.162697, 0.000000,
                    -0.000000, 0.396263,-0.000000, 1.000000;;
                  }
                } // End of metarig_head_001_L
                Frame metarig_head_001_R {
                  FrameTransformMatrix {
                    -0.492744,-0.140948,-0.858684, 0.000000,
                     0.696595, 0.527496,-0.486316, 0.000000,
                     0.521498,-0.837784,-0.161737, 0.000000,
                    -0.000000, 0.396263,-0.000000, 1.000000;;
                  }
                } // End of metarig_head_001_R
                Frame metarig_head_002 {
                  FrameTransformMatrix {
                     0.856381,-0.077000, 0.510571, 0.000000,
                     0.052404, 0.996674, 0.062412, 0.000000,
                    -0.513678,-0.026693, 0.857568, 0.000000,
                    -0.000000, 0.396263,-0.000000, 1.000000;;
                  }
                } // End of metarig_head_002
              } // End of metarig_head_001
              Frame metarig_head_L {
                FrameTransformMatrix {
                  -0.377121,-0.321662, 0.868512, 0.000000,
                   0.660793, 0.563618, 0.495668, 0.000000,
                  -0.648947, 0.760834,-0.000000, 0.000000,
                   0.000000, 0.781247,-0.000000, 1.000000;;
                }
                Frame metarig_head_L_001 {
                  FrameTransformMatrix {
                     0.524025, 0.844599, 0.109776, 0.000000,
                    -0.838001, 0.488269, 0.243613, 0.000000,
                     0.152155,-0.219652, 0.963640, 0.000000,
                    -0.000000, 0.351893, 0.000000, 1.000000;;
                  }
                  Frame metarig_head_L_002 {
                    FrameTransformMatrix {
                       0.276305, 0.473731,-0.836202, 0.000000,
                      -0.876644,-0.232364,-0.421309, 0.000000,
                      -0.393891, 0.849462, 0.351090, 0.000000,
                       0.000000, 0.500982,-0.000000, 1.000000;;
                    }
                    Frame metarig_head_L_003 {
                      FrameTransformMatrix {
                         0.899676,-0.123881,-0.418613, 0.000000,
                         0.436518, 0.242243, 0.866470, 0.000000,
                        -0.005933,-0.962274, 0.272016, 0.000000,
                         0.000000, 0.356605,-0.000000, 1.000000;;
                      }
                    } // End of metarig_head_L_003
                  } // End of metarig_head_L_002
                } // End of metarig_head_L_001
              } // End of metarig_head_L
              Frame metarig_head_L_004 {
                FrameTransformMatrix {
                   0.266973, 0.382516,-0.884538, 0.000000,
                  -0.468921,-0.750306,-0.465998, 0.000000,
                  -0.841926, 0.539187,-0.020942, 0.000000,
                   0.000000, 0.781247,-0.000000, 1.000000;;
                }
                Frame metarig_head_L_005 {
                  FrameTransformMatrix {
                     0.292620,-0.245443,-0.924192, 0.000000,
                     0.158754, 0.965554,-0.206163, 0.000000,
                     0.942959,-0.086392, 0.321505, 0.000000,
                     0.000000, 0.812309,-0.000000, 1.000000;;
                  }
                  Frame metarig_head_L_006 {
                    FrameTransformMatrix {
                       0.985824, 0.146283,-0.082173, 0.000000,
                      -0.166047, 0.920869,-0.352743, 0.000000,
                       0.024070, 0.361387, 0.932105, 0.000000,
                      -0.000000, 0.782122, 0.000000, 1.000000;;
                    }
                  } // End of metarig_head_L_006
                  Frame metarig_head_L_007 {
                    FrameTransformMatrix {
                       0.999084,-0.030151,-0.030382, 0.000000,
                       0.021049, 0.964125,-0.264614, 0.000000,
                       0.037270, 0.263732, 0.963876, 0.000000,
                      -0.000000, 0.782122, 0.000000, 1.000000;;
                    }
                  } // End of metarig_head_L_007
                  Frame metarig_head_L_008 {
                    FrameTransformMatrix {
                       0.971316,-0.236811, 0.021572, 0.000000,
                       0.234231, 0.968467, 0.084902, 0.000000,
                      -0.040998,-0.077414, 0.996156, 0.000000,
                      -0.000000, 0.782122, 0.000000, 1.000000;;
                    }
                  } // End of metarig_head_L_008
                } // End of metarig_head_L_005
                Frame metarig_head_L_009 {
                  FrameTransformMatrix {
                     0.750975,-0.091819,-0.653916, 0.000000,
                     0.308717, 0.924215, 0.224766, 0.000000,
                     0.583721,-0.370668, 0.722408, 0.000000,
                     0.000000, 0.812309,-0.000000, 1.000000;;
                  }
                } // End of metarig_head_L_009
                Frame metarig_head_L_010 {
                  FrameTransformMatrix {
                     0.288780,-0.595601,-0.749576, 0.000000,
                     0.119152, 0.799204,-0.589131, 0.000000,
                     0.949952, 0.080816, 0.301762, 0.000000,
                     0.000000, 0.812309,-0.000000, 1.000000;;
                  }
                } // End of metarig_head_L_010
              } // End of metarig_head_L_004
              Frame metarig_head_R {
                FrameTransformMatrix {
                  -0.377121, 0.321662,-0.868512, 0.000000,
                  -0.660793, 0.563618, 0.495668, 0.000000,
                   0.648947, 0.760834,-0.000000, 0.000000,
                  -0.000380, 0.781247,-0.000000, 1.000000;;
                }
                Frame metarig_head_R_001 {
                  FrameTransformMatrix {
                     0.524025,-0.844599,-0.109776, 0.000000,
                     0.838001, 0.488268, 0.243613, 0.000000,
                    -0.152155,-0.219652, 0.963640, 0.000000,
                    -0.000000, 0.351894,-0.000000, 1.000000;;
                  }
                  Frame metarig_head_R_002 {
                    FrameTransformMatrix {
                       0.276305,-0.473731, 0.836202, 0.000000,
                       0.876644,-0.232364,-0.421310, 0.000000,
                       0.393891, 0.849462, 0.351090, 0.000000,
                       0.000000, 0.500982,-0.000000, 1.000000;;
                    }
                    Frame metarig_head_R_003 {
                      FrameTransformMatrix {
                         0.899676, 0.123881, 0.418613, 0.000000,
                        -0.436518, 0.242242, 0.866470, 0.000000,
                         0.005933,-0.962274, 0.272016, 0.000000,
                        -0.000000, 0.356605,-0.000000, 1.000000;;
                      }
                    } // End of metarig_head_R_003
                  } // End of metarig_head_R_002
                } // End of metarig_head_R_001
              } // End of metarig_head_R
              Frame metarig_head_R_004 {
                FrameTransformMatrix {
                   0.266973,-0.382516, 0.884538, 0.000000,
                   0.468921,-0.750306,-0.465998, 0.000000,
                   0.841926, 0.539187,-0.020942, 0.000000,
                  -0.000380, 0.781247,-0.000000, 1.000000;;
                }
                Frame metarig_head_R_005 {
                  FrameTransformMatrix {
                     0.292620, 0.245443, 0.924192, 0.000000,
                    -0.158754, 0.965554,-0.206163, 0.000000,
                    -0.942959,-0.086391, 0.321505, 0.000000,
                    -0.000000, 0.812309, 0.000000, 1.000000;;
                  }
                  Frame metarig_head_R_006 {
                    FrameTransformMatrix {
                       0.985824,-0.146283, 0.082173, 0.000000,
                       0.166047, 0.920870,-0.352743, 0.000000,
                      -0.024071, 0.361387, 0.932105, 0.000000,
                       0.000000, 0.782122,-0.000000, 1.000000;;
                    }
                  } // End of metarig_head_R_006
                  Frame metarig_head_R_007 {
                    FrameTransformMatrix {
                       0.999084, 0.030151, 0.030382, 0.000000,
                      -0.021049, 0.964125,-0.264614, 0.000000,
                      -0.037270, 0.263732, 0.963876, 0.000000,
                       0.000000, 0.782122,-0.000000, 1.000000;;
                    }
                  } // End of metarig_head_R_007
                  Frame metarig_head_R_008 {
                    FrameTransformMatrix {
                       0.971316, 0.236811,-0.021572, 0.000000,
                      -0.234231, 0.968467, 0.084902, 0.000000,
                       0.040997,-0.077414, 0.996156, 0.000000,
                       0.000000, 0.782122,-0.000000, 1.000000;;
                    }
                  } // End of metarig_head_R_008
                } // End of metarig_head_R_005
                Frame metarig_head_R_009 {
                  FrameTransformMatrix {
                     0.750975, 0.091819, 0.653916, 0.000000,
                    -0.308717, 0.924215, 0.224766, 0.000000,
                    -0.583721,-0.370668, 0.722409, 0.000000,
                    -0.000000, 0.812309, 0.000000, 1.000000;;
                  }
                } // End of metarig_head_R_009
                Frame metarig_head_R_010 {
                  FrameTransformMatrix {
                     0.288780, 0.595602, 0.749576, 0.000000,
                    -0.119152, 0.799204,-0.589131, 0.000000,
                    -0.949952, 0.080816, 0.301762, 0.000000,
                    -0.000000, 0.812309, 0.000000, 1.000000;;
                  }
                } // End of metarig_head_R_010
              } // End of metarig_head_R_004
            } // End of metarig_head
          } // End of metarig_neck
          Frame metarig_shoulder_L {
            FrameTransformMatrix {
               0.383843,-0.027166, 0.922999, 0.000000,
               0.919677,-0.078399,-0.384769, 0.000000,
               0.082815, 0.996552,-0.005109, 0.000000,
               0.049858, 0.238995, 0.135927, 1.000000;;
            }
            Frame metarig_upper_arm_L {
              FrameTransformMatrix {
                 0.054143,-0.660513,-0.748860, 0.000000,
                 0.624251, 0.607726,-0.490897, 0.000000,
                 0.779346,-0.440898, 0.445230, 0.000000,
                 0.021820, 0.270190, 0.003056, 1.000000;;
              }
              Frame metarig_forearm_L {
                FrameTransformMatrix {
                   0.605560,-0.750729, 0.264013, 0.000000,
                   0.613464, 0.651698, 0.446039, 0.000000,
                  -0.506911,-0.108141, 0.855188, 0.000000,
                  -0.000000, 0.265690,-0.000000, 1.000000;;
                }
                Frame metarig_hand_L {
                  FrameTransformMatrix {
                    -0.010056,-0.039168,-0.999182, 0.000000,
                    -0.036003, 0.998599,-0.038783, 0.000000,
                     0.999301, 0.035584,-0.011452, 0.000000,
                     0.000000, 0.428573,-0.000000, 1.000000;;
                  }
                  Frame metarig_palm_01_L {
                    FrameTransformMatrix {
                      -0.263555, 0.964634,-0.004568, 0.000000,
                      -0.964602,-0.263495, 0.010694, 0.000000,
                       0.009112, 0.007225, 0.999932, 0.000000,
                      -0.046913, 0.038603,-0.005107, 1.000000;;
                    }
                    Frame metarig_f_index_01_L {
                      FrameTransformMatrix {
                        -0.175460,-0.976467,-0.125405, 0.000000,
                         0.972145,-0.151742,-0.178630, 0.000000,
                         0.155397,-0.153254, 0.975892, 0.000000,
                         0.067619,-0.000000, 0.000001, 1.000000;;
                      }
                      Frame metarig_f_index_02_L {
                        FrameTransformMatrix {
                           0.999896,-0.007039, 0.012570, 0.000000,
                           0.005003, 0.987865, 0.155231, 0.000000,
                          -0.013510,-0.155152, 0.987798, 0.000000,
                          -0.000000, 0.043741,-0.000000, 1.000000;;
                        }
                        Frame metarig_f_index_03_L {
                          FrameTransformMatrix {
                             0.997688,-0.067497, 0.007876, 0.000000,
                             0.063958, 0.971842, 0.226786, 0.000000,
                            -0.022962,-0.225758, 0.973913, 0.000000,
                            -0.000000, 0.027410, 0.000000, 1.000000;;
                          }
                        } // End of metarig_f_index_03_L
                      } // End of metarig_f_index_02_L
                    } // End of metarig_f_index_01_L
                    Frame metarig_thumb_01_L {
                      FrameTransformMatrix {
                         0.528684, 0.089068,-0.844133, 0.000000,
                         0.794865, 0.296950, 0.529160, 0.000000,
                         0.297796,-0.950730, 0.086196, 0.000000,
                        -0.015571, 0.024331, 0.023809, 1.000000;;
                      }
                      Frame metarig_thumb_02_L {
                        FrameTransformMatrix {
                           0.989123,-0.146647,-0.011445, 0.000000,
                           0.142818, 0.938845, 0.313327, 0.000000,
                          -0.035203,-0.311553, 0.949576, 0.000000,
                           0.000000, 0.040541,-0.000000, 1.000000;;
                        }
                        Frame metarig_thumb_03_L {
                          FrameTransformMatrix {
                             0.996597,-0.082249,-0.005473, 0.000000,
                             0.082384, 0.996071, 0.032502, 0.000000,
                             0.002778,-0.032842, 0.999457, 0.000000,
                            -0.000000, 0.032482, 0.000000, 1.000000;;
                          }
                        } // End of metarig_thumb_03_L
                      } // End of metarig_thumb_02_L
                    } // End of metarig_thumb_01_L
                  } // End of metarig_palm_01_L
                  Frame metarig_palm_02_L {
                    FrameTransformMatrix {
                       0.997847, 0.065044, 0.008388, 0.000000,
                      -0.064855, 0.997670,-0.021156, 0.000000,
                      -0.009745, 0.020567, 0.999741, 0.000000,
                      -0.013601, 0.040866,-0.007479, 1.000000;;
                    }
                    Frame metarig_f_middle_01_L {
                      FrameTransformMatrix {
                         0.996263,-0.069309,-0.051545, 0.000000,
                         0.064951, 0.994523,-0.081885, 0.000000,
                         0.056938, 0.078231, 0.995308, 0.000000,
                         0.000000, 0.066222, 0.000000, 1.000000;;
                      }
                      Frame metarig_f_middle_02_L {
                        FrameTransformMatrix {
                           0.996959,-0.033201, 0.070502, 0.000000,
                           0.015647, 0.971561, 0.236271, 0.000000,
                          -0.076341,-0.234450, 0.969126, 0.000000,
                           0.000000, 0.048112, 0.000000, 1.000000;;
                        }
                        Frame metarig_f_middle_03_L {
                          FrameTransformMatrix {
                             0.998387,-0.042548, 0.037600, 0.000000,
                             0.037874, 0.992372, 0.117319, 0.000000,
                            -0.042305,-0.115706, 0.992382, 0.000000,
                            -0.000000, 0.031268,-0.000000, 1.000000;;
                          }
                        } // End of metarig_f_middle_03_L
                      } // End of metarig_f_middle_02_L
                    } // End of metarig_f_middle_01_L
                  } // End of metarig_palm_02_L
                  Frame metarig_palm_03_L {
                    FrameTransformMatrix {
                       0.996926,-0.063830, 0.045438, 0.000000,
                       0.065755, 0.996943,-0.042198, 0.000000,
                      -0.042605, 0.045056, 0.998076, 0.000000,
                       0.009124, 0.038882,-0.006746, 1.000000;;
                    }
                    Frame metarig_f_ring_01_L {
                      FrameTransformMatrix {
                         0.998792, 0.026970, 0.041063, 0.000000,
                        -0.029322, 0.997897, 0.057801, 0.000000,
                        -0.039418,-0.058936, 0.997483, 0.000000,
                        -0.000000, 0.067785,-0.000000, 1.000000;;
                      }
                      Frame metarig_f_ring_02_L {
                        FrameTransformMatrix {
                           0.998272,-0.044355, 0.038545, 0.000000,
                           0.038162, 0.988142, 0.148726, 0.000000,
                          -0.044685,-0.146998, 0.988127, 0.000000,
                           0.000000, 0.043525,-0.000000, 1.000000;;
                        }
                        Frame metarig_f_ring_03_L {
                          FrameTransformMatrix {
                             0.993891,-0.085249, 0.070096, 0.000000,
                             0.059314, 0.948180, 0.312148, 0.000000,
                            -0.093074,-0.306084, 0.947444, 0.000000,
                            -0.000000, 0.030884,-0.000000, 1.000000;;
                          }
                        } // End of metarig_f_ring_03_L
                      } // End of metarig_f_ring_02_L
                    } // End of metarig_f_ring_01_L
                  } // End of metarig_palm_03_L
                  Frame metarig_palm_04_L {
                    FrameTransformMatrix {
                       0.981906,-0.188481, 0.018317, 0.000000,
                       0.188535, 0.982066,-0.001258, 0.000000,
                      -0.017752, 0.004689, 0.999832, 0.000000,
                       0.023451, 0.034955,-0.004434, 1.000000;;
                    }
                    Frame metarig_f_pinky_01_L {
                      FrameTransformMatrix {
                         0.976383, 0.060042, 0.207538, 0.000000,
                        -0.102375, 0.974493, 0.199705, 0.000000,
                        -0.190253,-0.216235, 0.957625, 0.000000,
                        -0.000000, 0.072646, 0.000000, 1.000000;;
                      }
                      Frame metarig_f_pinky_02_L {
                        FrameTransformMatrix {
                           0.999244,-0.033326, 0.020027, 0.000000,
                           0.031455, 0.995676, 0.087404, 0.000000,
                          -0.022853,-0.086708, 0.995972, 0.000000,
                           0.000000, 0.027072, 0.000000, 1.000000;;
                        }
                        Frame metarig_f_pinky_03_L {
                          FrameTransformMatrix {
                             0.999089,-0.032678, 0.027457, 0.000000,
                             0.027463, 0.984618, 0.172548, 0.000000,
                            -0.032674,-0.171637, 0.984618, 0.000000,
                            -0.000000, 0.021940, 0.000000, 1.000000;;
                          }
                        } // End of metarig_f_pinky_03_L
                      } // End of metarig_f_pinky_02_L
                    } // End of metarig_f_pinky_01_L
                  } // End of metarig_palm_04_L
                } // End of metarig_hand_L
              } // End of metarig_forearm_L
              Frame metarig_upper_arm_L_001 {
                FrameTransformMatrix {
                  -0.468661, 0.203845, 0.859537, 0.000000,
                   0.092136, 0.978984,-0.181936, 0.000000,
                  -0.878560,-0.006072,-0.477593, 0.000000,
                  -0.000000, 0.265690,-0.000000, 1.000000;;
                }
              } // End of metarig_upper_arm_L_001
              Frame metarig_upper_arm_L_002 {
                FrameTransformMatrix {
                  -0.135341, 0.953498,-0.269305, 0.000000,
                   0.722018, 0.281048, 0.632220, 0.000000,
                   0.678507,-0.108878,-0.726480, 0.000000,
                  -0.000000, 0.265690,-0.000000, 1.000000;;
                }
              } // End of metarig_upper_arm_L_002
            } // End of metarig_upper_arm_L
          } // End of metarig_shoulder_L
          Frame metarig_shoulder_R {
            FrameTransformMatrix {
               0.383843, 0.027166,-0.922999, 0.000000,
              -0.919677,-0.078399,-0.384769, 0.000000,
              -0.082815, 0.996552,-0.005109, 0.000000,
              -0.050238, 0.238995, 0.135927, 1.000000;;
            }
            Frame metarig_upper_arm_R {
              FrameTransformMatrix {
                -0.790820, 0.332518, 0.513843, 0.000000,
                 0.117000, 0.906196,-0.406350, 0.000000,
                -0.600761,-0.261230,-0.755543, 0.000000,
                -0.021820, 0.270190, 0.003056, 1.000000;;
              }
              Frame metarig_forearm_R {
                FrameTransformMatrix {
                   0.605560, 0.750730,-0.264013, 0.000000,
                  -0.613464, 0.651699, 0.446039, 0.000000,
                   0.506911,-0.108141, 0.855188, 0.000000,
                  -0.000000, 0.265690, 0.000000, 1.000000;;
                }
                Frame metarig_hand_R {
                  FrameTransformMatrix {
                    -0.010056, 0.039168, 0.999182, 0.000000,
                     0.036003, 0.998599,-0.038783, 0.000000,
                    -0.999301, 0.035584,-0.011452, 0.000000,
                    -0.000000, 0.428573, 0.000000, 1.000000;;
                  }
                  Frame metarig_palm_01_R {
                    FrameTransformMatrix {
                      -0.263555,-0.964634, 0.004568, 0.000000,
                       0.964602,-0.263495, 0.010693, 0.000000,
                      -0.009112, 0.007225, 0.999932, 0.000000,
                       0.046913, 0.038603,-0.005107, 1.000000;;
                    }
                    Frame metarig_f_index_01_R {
                      FrameTransformMatrix {
                        -0.175460, 0.976467, 0.125405, 0.000000,
                        -0.972145,-0.151742,-0.178630, 0.000000,
                        -0.155397,-0.153254, 0.975892, 0.000000,
                        -0.067619,-0.000000, 0.000001, 1.000000;;
                      }
                      Frame metarig_f_index_02_R {
                        FrameTransformMatrix {
                           0.999896, 0.007039,-0.012570, 0.000000,
                          -0.005003, 0.987865, 0.155231, 0.000000,
                           0.013510,-0.155152, 0.987798, 0.000000,
                          -0.000000, 0.043741, 0.000000, 1.000000;;
                        }
                        Frame metarig_f_index_03_R {
                          FrameTransformMatrix {
                             0.997688, 0.067497,-0.007876, 0.000000,
                            -0.063958, 0.971842, 0.226786, 0.000000,
                             0.022962,-0.225758, 0.973913, 0.000000,
                             0.000000, 0.027410, 0.000000, 1.000000;;
                          }
                        } // End of metarig_f_index_03_R
                      } // End of metarig_f_index_02_R
                    } // End of metarig_f_index_01_R
                    Frame metarig_thumb_01_R {
                      FrameTransformMatrix {
                         0.528684,-0.089068, 0.844133, 0.000000,
                        -0.794865, 0.296950, 0.529160, 0.000000,
                        -0.297797,-0.950730, 0.086196, 0.000000,
                         0.015571, 0.024331, 0.023809, 1.000000;;
                      }
                      Frame metarig_thumb_02_R {
                        FrameTransformMatrix {
                           0.989123, 0.146647, 0.011445, 0.000000,
                          -0.142818, 0.938845, 0.313327, 0.000000,
                           0.035203,-0.311553, 0.949576, 0.000000,
                          -0.000000, 0.040541,-0.000000, 1.000000;;
                        }
                        Frame metarig_thumb_03_R {
                          FrameTransformMatrix {
                             0.996597, 0.082249, 0.005473, 0.000000,
                            -0.082384, 0.996071, 0.032502, 0.000000,
                            -0.002778,-0.032842, 0.999457, 0.000000,
                             0.000000, 0.032482, 0.000000, 1.000000;;
                          }
                        } // End of metarig_thumb_03_R
                      } // End of metarig_thumb_02_R
                    } // End of metarig_thumb_01_R
                  } // End of metarig_palm_01_R
                  Frame metarig_palm_02_R {
                    FrameTransformMatrix {
                       0.997847,-0.065044,-0.008388, 0.000000,
                       0.064855, 0.997670,-0.021156, 0.000000,
                       0.009744, 0.020567, 0.999741, 0.000000,
                       0.013601, 0.040866,-0.007479, 1.000000;;
                    }
                    Frame metarig_f_middle_01_R {
                      FrameTransformMatrix {
                         0.996263, 0.069309, 0.051545, 0.000000,
                        -0.064951, 0.994523,-0.081885, 0.000000,
                        -0.056938, 0.078231, 0.995308, 0.000000,
                        -0.000000, 0.066221,-0.000000, 1.000000;;
                      }
                      Frame metarig_f_middle_02_R {
                        FrameTransformMatrix {
                           0.996959, 0.033201,-0.070502, 0.000000,
                          -0.015647, 0.971561, 0.236271, 0.000000,
                           0.076341,-0.234450, 0.969126, 0.000000,
                           0.000000, 0.048112,-0.000000, 1.000000;;
                        }
                        Frame metarig_f_middle_03_R {
                          FrameTransformMatrix {
                             0.998387, 0.042548,-0.037600, 0.000000,
                            -0.037874, 0.992372, 0.117319, 0.000000,
                             0.042305,-0.115706, 0.992382, 0.000000,
                             0.000000, 0.031268, 0.000000, 1.000000;;
                          }
                        } // End of metarig_f_middle_03_R
                      } // End of metarig_f_middle_02_R
                    } // End of metarig_f_middle_01_R
                  } // End of metarig_palm_02_R
                  Frame metarig_palm_03_R {
                    FrameTransformMatrix {
                       0.996926, 0.063830,-0.045438, 0.000000,
                      -0.065755, 0.996943,-0.042198, 0.000000,
                       0.042605, 0.045056, 0.998076, 0.000000,
                      -0.009124, 0.038882,-0.006746, 1.000000;;
                    }
                    Frame metarig_f_ring_01_R {
                      FrameTransformMatrix {
                         0.998792,-0.026970,-0.041063, 0.000000,
                         0.029322, 0.997897, 0.057801, 0.000000,
                         0.039418,-0.058936, 0.997483, 0.000000,
                        -0.000000, 0.067785,-0.000000, 1.000000;;
                      }
                      Frame metarig_f_ring_02_R {
                        FrameTransformMatrix {
                           0.998272, 0.044355,-0.038545, 0.000000,
                          -0.038163, 0.988142, 0.148726, 0.000000,
                           0.044685,-0.146998, 0.988127, 0.000000,
                           0.000000, 0.043525,-0.000000, 1.000000;;
                        }
                        Frame metarig_f_ring_03_R {
                          FrameTransformMatrix {
                             0.993891, 0.085249,-0.070096, 0.000000,
                            -0.059314, 0.948180, 0.312148, 0.000000,
                             0.093074,-0.306084, 0.947444, 0.000000,
                             0.000000, 0.030884,-0.000000, 1.000000;;
                          }
                        } // End of metarig_f_ring_03_R
                      } // End of metarig_f_ring_02_R
                    } // End of metarig_f_ring_01_R
                  } // End of metarig_palm_03_R
                  Frame metarig_palm_04_R {
                    FrameTransformMatrix {
                       0.981906, 0.188481,-0.018317, 0.000000,
                      -0.188535, 0.982066,-0.001258, 0.000000,
                       0.017752, 0.004689, 0.999832, 0.000000,
                      -0.023451, 0.034955,-0.004434, 1.000000;;
                    }
                    Frame metarig_f_pinky_01_R {
                      FrameTransformMatrix {
                         0.976383,-0.060042,-0.207538, 0.000000,
                         0.102375, 0.974493, 0.199705, 0.000000,
                         0.190253,-0.216235, 0.957625, 0.000000,
                         0.000000, 0.072646,-0.000000, 1.000000;;
                      }
                      Frame metarig_f_pinky_02_R {
                        FrameTransformMatrix {
                           0.999244, 0.033326,-0.020027, 0.000000,
                          -0.031455, 0.995676, 0.087404, 0.000000,
                           0.022853,-0.086708, 0.995972, 0.000000,
                           0.000000, 0.027072,-0.000000, 1.000000;;
                        }
                        Frame metarig_f_pinky_03_R {
                          FrameTransformMatrix {
                             0.999089, 0.032678,-0.027457, 0.000000,
                            -0.027463, 0.984618, 0.172548, 0.000000,
                             0.032673,-0.171637, 0.984618, 0.000000,
                             0.000000, 0.021940, 0.000000, 1.000000;;
                          }
                        } // End of metarig_f_pinky_03_R
                      } // End of metarig_f_pinky_02_R
                    } // End of metarig_f_pinky_01_R
                  } // End of metarig_palm_04_R
                } // End of metarig_hand_R
              } // End of metarig_forearm_R
              Frame metarig_upper_arm_R_001 {
                FrameTransformMatrix {
                  -0.468661,-0.203845,-0.859537, 0.000000,
                  -0.092136, 0.978984,-0.181936, 0.000000,
                   0.878560,-0.006072,-0.477593, 0.000000,
                  -0.000000, 0.265690, 0.000000, 1.000000;;
                }
              } // End of metarig_upper_arm_R_001
              Frame metarig_upper_arm_R_002 {
                FrameTransformMatrix {
                  -0.135341,-0.953498, 0.269305, 0.000000,
                  -0.722018, 0.281048, 0.632220, 0.000000,
                  -0.678508,-0.108878,-0.726480, 0.000000,
                  -0.000000, 0.265690, 0.000000, 1.000000;;
                }
              } // End of metarig_upper_arm_R_002
            } // End of metarig_upper_arm_R
          } // End of metarig_shoulder_R
        } // End of metarig_chest
      } // End of metarig_spine
      Frame metarig_thigh_L {
        FrameTransformMatrix {
           0.980190, 0.197937,-0.006844, 0.000000,
           0.188167,-0.919912, 0.344026, 0.000000,
           0.061799,-0.338500,-0.938934, 0.000000,
           0.115877, 0.160219, 0.184177, 1.000000;;
        }
        Frame metarig_shin_L {
          FrameTransformMatrix {
             0.988096, 0.153403, 0.011541, 0.000000,
            -0.130678, 0.797400, 0.589132, 0.000000,
             0.081172,-0.583627, 0.807954, 0.000000,
            -0.000000, 0.439984,-0.000000, 1.000000;;
          }
          Frame metarig_foot_L {
            FrameTransformMatrix {
               0.844491,-0.290388, 0.450011, 0.000000,
               0.467906,-0.008775,-0.883735, 0.000000,
               0.260575, 0.956869, 0.128464, 0.000000,
              -0.000000, 0.435999, 0.000000, 1.000000;;
            }
            Frame metarig_toe_L {
              FrameTransformMatrix {
                 0.607977, 0.298922,-0.735534, 0.000000,
                -0.473697, 0.880035,-0.033901, 0.000000,
                 0.637162, 0.369031, 0.676639, 0.000000,
                 0.000000, 0.093052, 0.000000, 1.000000;;
              }
            } // End of metarig_toe_L
          } // End of metarig_foot_L
          Frame metarig_heel_L {
            FrameTransformMatrix {
              -0.999534, 0.010015,-0.028828, 0.000000,
              -0.010438, 0.775473, 0.631294, 0.000000,
               0.028678, 0.631301,-0.775008, 0.000000,
              -0.000000, 0.435999, 0.000000, 1.000000;;
            }
            Frame metarig_heel_02_L {
              FrameTransformMatrix {
                 0.021725,-0.822430, 0.568451, 0.000000,
                -0.999749,-0.014700, 0.016941, 0.000000,
                -0.005577,-0.568676,-0.822543, 0.000000,
                 0.016434,-0.031187,-0.052890, 1.000000;;
              }
            } // End of metarig_heel_02_L
          } // End of metarig_heel_L
        } // End of metarig_shin_L
      } // End of metarig_thigh_L
      Frame metarig_thigh_R {
        FrameTransformMatrix {
           0.980190,-0.170938, 0.100029, 0.000000,
          -0.188168,-0.646151, 0.739648, 0.000000,
          -0.061799,-0.743820,-0.665516, 0.000000,
          -0.116258, 0.160219, 0.184177, 1.000000;;
        }
        Frame metarig_shin_R {
          FrameTransformMatrix {
             0.988096,-0.153403,-0.011541, 0.000000,
             0.130678, 0.797400, 0.589132, 0.000000,
            -0.081172,-0.583627, 0.807954, 0.000000,
             0.000000, 0.439984,-0.000000, 1.000000;;
          }
          Frame metarig_foot_R {
            FrameTransformMatrix {
               0.844491, 0.290388,-0.450011, 0.000000,
              -0.467906,-0.008775,-0.883735, 0.000000,
              -0.260575, 0.956869, 0.128464, 0.000000,
              -0.000000, 0.435999,-0.000000, 1.000000;;
            }
            Frame metarig_toe_R {
              FrameTransformMatrix {
                 0.607977,-0.298922, 0.735533, 0.000000,
                 0.473697, 0.880035,-0.033901, 0.000000,
                -0.637162, 0.369031, 0.676640, 0.000000,
                 0.000000, 0.093052,-0.000000, 1.000000;;
              }
            } // End of metarig_toe_R
          } // End of metarig_foot_R
          Frame metarig_heel_R {
            FrameTransformMatrix {
              -0.999534,-0.010014, 0.028828, 0.000000,
               0.010438, 0.775473, 0.631294, 0.000000,
              -0.028677, 0.631301,-0.775008, 0.000000,
              -0.000000, 0.435999,-0.000000, 1.000000;;
            }
            Frame metarig_heel_02_R {
              FrameTransformMatrix {
                 0.021725, 0.822430,-0.568451, 0.000000,
                 0.999749,-0.014700, 0.016941, 0.000000,
                 0.005577,-0.568676,-0.822543, 0.000000,
                -0.016434,-0.031187,-0.052890, 1.000000;;
              }
            } // End of metarig_heel_02_R
          } // End of metarig_heel_R
        } // End of metarig_shin_R
      } // End of metarig_thigh_R
    } // End of metarig_hips
    Frame Box02 {
      FrameTransformMatrix {
        -0.002708, 0.005726, 0.004970, 0.000000,
         0.005722, 0.005006,-0.002650, 0.000000,
         0.004975,-0.002641, 0.005753, 0.000000,
         0.422849, 0.108899, 0.437642, 1.000000;;
      }
    } // End of Box02
    Frame unity {
      FrameTransformMatrix {
         0.024754, 0.000000, 0.000000, 0.000000,
