xof 0303txt 0032

template XSkinMeshHeader {
 <3cf169ce-ff7c-44ab-93c0-f78f62d172e2>
 WORD nMaxSkinWeightsPerVertex;
 WORD nMaxSkinWeightsPerFace;
 WORD nBones;
}

template VertexDuplicationIndices {
 <b8d65549-d7c9-4995-89cf-53a9a8b031e3>
 DWORD nIndices;
 DWORD nOriginalVertices;
 array DWORD indices[nIndices];
}

template SkinWeights {
 <6f0d123b-bad2-4167-a0d0-80224f25fabb>
 STRING transformNodeName;
 DWORD nWeights;
 array DWORD vertexIndices[nWeights];
 array FLOAT weights[nWeights];
 Matrix4x4 matrixOffset;
}


Frame F_SCENE_ROOT {

 FrameTransformMatrix {
  1.000000,0.000000,0.000000,0.000000,0.000000,1.000000,0.000000,0.000000,0.000000,0.000000,1.000000,0.000000,0.000000,0.000000,0.000000,1.000000;;
 }

 Frame F1_temp_Layer1 {

  FrameTransformMatrix {
   1.000000,0.000000,0.000000,0.000000,0.000000,1.000000,0.000000,0.000000,0.000000,0.000000,1.000000,0.000000,0.000000,0.000000,0.000000,1.000000;;
  }

  Mesh Mesh_temp {
   0;
   0;

   MeshNormals {
    0;
    0;
   }

   MeshMaterialList {
    0;
    0;
   }

   XSkinMeshHeader {
    0;
    0;
    0;
   }
  }

  Frame F185_ROOT {

   FrameTransformMatrix {
    0.974725,0.060700,-0.215003,0.000000,0.101111,0.738314,0.666835,0.000000,0.199217,-0.671721,0.713515,0.000000,0.000000,0.731500,0.000000,1.000000;;
   }

   Frame F4_CTRL_C_Root {

    FrameTransformMatrix {
     1.000000,0.000000,0.000000,0.000000,0.000000,1.000000,0.000000,0.000000,0.000000,-0.000000,1.000000,0.000000,0.000000,0.000000,0.001160,1.000000;;
    }

    Frame F6_CTRL_C_Waist {

     FrameTransformMatrix {
      0.994125,0.028519,0.104412,0.000000,0.094945,0.233391,-0.967737,0.000000,-0.051968,0.971965,0.229312,0.000000,0.000000,0.017472,-0.083507,1.000000;;
     }

     Frame F60_EFCT_C_Waist {

      FrameTransformMatrix {
       0.997742,-0.045014,0.049838,0.000000,0.049811,0.993778,-0.099624,0.000000,-0.045044,0.101882,0.993776,0.000000,0.000000,0.000000,0.041500,1.000000;;
      }

      Frame F2_CTRL_C_Back {

       FrameTransformMatrix {
        0.989873,-0.138193,0.032463,0.000000,0.141862,0.954720,-0.261505,0.000000,0.005145,0.263462,0.964656,0.000000,0.000000,-0.000000,0.074879,1.000000;;
       }

       Frame F55_EFCT_C_Back {

        FrameTransformMatrix {
         0.979894,-0.193823,-0.047338,0.000000,0.198800,0.968617,0.149195,0.000000,0.016934,-0.155606,0.987674,0.000000,0.000000,0.000000,0.031953,1.000000;;
        }

        Frame F18_CTRL_L_Shoulder0 {

         FrameTransformMatrix {
          0.084890,-0.978416,-0.188404,0.000000,-0.062650,-0.193953,0.979008,0.000000,-0.994419,-0.071304,-0.077762,0.000000,-0.000000,-0.000000,0.227496,1.000000;;
         }

         Frame F19_CTRL_L_Shoulder1 {

          FrameTransformMatrix {
           0.864455,-0.491671,0.104771,0.000000,0.495490,0.868525,-0.012420,0.000000,-0.084890,0.062650,0.994419,0.000000,0.000000,-0.000000,0.098319,1.000000;;
          }

          Frame F20_CTRL_L_Shoulder2 {

           FrameTransformMatrix {
            0.999851,0.017239,0.000000,0.000000,-0.017239,0.999851,-0.000000,0.000000,-0.000000,0.000000,1.000000,0.000000,-0.000000,0.000000,0.031248,1.000000;;
           }

           Frame F21_CTRL_L_Shoulder3 {

            FrameTransformMatrix {
             1.000000,0.000000,0.000000,0.000000,-0.000000,0.312335,0.949972,0.000000,0.000000,-0.949972,0.312335,0.000000,-0.000000,0.000000,0.012499,1.000000;;
            }

            Frame F26_CTRL_L_Upperarm {

             FrameTransformMatrix {
              0.798636,0.601778,0.006575,0.000000,-0.601814,0.798589,0.008726,0.000000,0.000000,-0.010926,0.999940,0.000000,0.019999,-0.008000,0.031248,1.000000;;
             }

             Frame F8_CTRL_L_Elbow {

              FrameTransformMatrix {
               0.987740,-0.077233,-0.135664,0.000000,0.078952,0.996851,0.007333,0.000000,0.134671,-0.017954,0.990728,0.000000,0.007500,-0.002172,0.213023,1.000000;;
              }

              Frame F16_CTRL_L_Lowerarm {

               FrameTransformMatrix {
                0.968237,0.079218,-0.237152,0.000000,-0.070953,0.996544,0.043200,0.000000,0.239755,-0.025002,0.970512,0.000000,-0.000000,0.000000,0.033352,1.000000;;
               }

               Frame F27_CTRL_L_Wrist {

                FrameTransformMatrix {
                 0.959688,0.011983,0.280812,0.000000,-0.121876,0.918019,0.377343,0.000000,-0.253269,-0.396356,0.882472,0.000000,-0.000000,0.000000,0.203161,1.000000;;
                }

                Frame F9_CTRL_L_Finger0 {

                 FrameTransformMatrix {
                  -0.078377,-0.984679,-0.155768,0.000000,0.856300,0.013516,-0.516302,0.000000,0.510497,-0.173850,0.842122,0.000000,0.025623,-0.012299,0.017424,1.000000;;
                 }

                 Frame F71_EFCT_L_Finger00 {

                  FrameTransformMatrix {
                   0.995963,0.000678,0.089757,0.000000,-0.012236,0.991662,0.128283,0.000000,-0.088922,-0.128863,0.987668,0.000000,0.000000,-0.000000,0.036072,1.000000;;
                  }

                  Frame F72_EFCT_L_Finger01 {

                   FrameTransformMatrix {
                    0.997719,-0.038533,0.055429,0.000000,0.039435,0.999106,-0.015261,0.000000,-0.054792,0.017412,0.998346,0.000000,-0.000000,0.000000,0.027271,1.000000;;
                   }
                  }
                 }
                }

                Frame F10_CTRL_L_Finger1 {

                 FrameTransformMatrix {
                  0.956552,-0.130115,-0.260917,0.000000,0.141580,0.989597,0.025553,0.000000,0.254878,-0.061383,0.965023,0.000000,0.024086,-0.006150,0.077895,1.000000;;
                 }

                 Frame F73_EFCT_L_Finger10 {

                  FrameTransformMatrix {
                   0.993461,0.112403,0.020034,0.000000,-0.110398,0.990454,-0.082535,0.000000,-0.029120,0.079784,0.996387,0.000000,0.000000,0.000000,0.029154,1.000000;;
                  }

                  Frame F74_EFCT_L_Finger11 {

                   FrameTransformMatrix {
                    0.999801,-0.019853,-0.002072,0.000000,0.019856,0.999802,0.001556,0.000000,0.002041,-0.001596,0.999997,0.000000,-0.000000,-0.000000,0.021371,1.000000;;
                   }
                  }
                 }
                }

                Frame F11_CTRL_L_Finger2 {

                 FrameTransformMatrix {
                  0.999833,-0.009320,0.015738,0.000000,0.008384,0.998250,0.058537,0.000000,-0.016257,-0.058395,0.998161,0.000000,0.008712,-0.005637,0.079945,1.000000;;
                 }

                 Frame F75_EFCT_L_Finger20 {

                  FrameTransformMatrix {
                   0.999806,0.019372,0.003540,0.000000,-0.019132,0.998108,-0.058433,0.000000,-0.004665,0.058354,0.998285,0.000000,0.000000,0.000000,0.031524,1.000000;;
                  }

                  Frame F76_EFCT_L_Finger21 {

                   FrameTransformMatrix {
                    0.999896,0.000949,0.014392,0.000000,-0.000677,0.999821,-0.018889,0.000000,-0.014408,0.018877,0.999718,0.000000,0.000000,-0.000000,0.022604,1.000000;;
                   }
                  }
                 }
                }

                Frame F12_CTRL_L_Finger3 {

                 FrameTransformMatrix {
                  0.975045,0.127927,0.181446,0.000000,-0.140228,0.988499,0.056620,0.000000,-0.172116,-0.080651,0.981770,0.000000,-0.010762,-0.005125,0.077382,1.000000;;
                 }

                 Frame F77_EFCT_L_Finger30 {

                  FrameTransformMatrix {
                   0.999874,0.001633,-0.015784,0.000000,-0.003199,0.995007,-0.099749,0.000000,0.015542,0.099787,0.994887,0.000000,0.000000,0.000000,0.029179,1.000000;;
                  }

                  Frame F78_EFCT_L_Finger31 {

                   FrameTransformMatrix {
                    0.999611,0.019236,0.020198,0.000000,-0.019210,0.999814,-0.001463,0.000000,-0.020222,0.001075,0.999795,0.000000,0.000000,-0.000000,0.022621,1.000000;;
                   }
                  }
                 }
                }

                Frame F13_CTRL_L_Finger4 {

                 FrameTransformMatrix {
                  0.931074,0.142266,0.335950,0.000000,-0.164238,0.985698,0.037761,0.000000,-0.325773,-0.090334,0.941123,0.000000,-0.026298,-0.005637,0.071120,1.000000;;
                 }

                 Frame F79_EFCT_L_Finger40 {

                  FrameTransformMatrix {
                   0.993987,0.098256,-0.048330,0.000000,-0.103058,0.988607,-0.109701,0.000000,0.037001,0.114022,0.992789,0.000000,0.000000,-0.000000,0.025484,1.000000;;
                  }

                  Frame F80_EFCT_L_Finger41 {

                   FrameTransformMatrix {
                    0.997436,-0.069632,0.016536,0.000000,0.069582,0.997570,0.003633,0.000000,-0.016749,-0.002473,0.999857,0.000000,-0.000000,-0.000000,0.016488,1.000000;;
                   }
                  }
                 }
                }
               }

               Frame F121_EFCT_L_Wrist0 {

                FrameTransformMatrix {
                 0.996745,0.003075,0.080557,0.000000,-0.014387,0.990015,0.140225,0.000000,-0.079322,-0.140928,0.986837,0.000000,-0.000000,0.000000,0.203161,1.000000;;
                }
               }

               Frame F122_EFCT_L_Wrist1 {

                FrameTransformMatrix {
                 0.996745,0.003075,0.080557,0.000000,-0.016463,0.985976,0.166072,0.000000,-0.078917,-0.166858,0.982818,0.000000,-0.000000,0.000000,0.203161,1.000000;;
                }
               }
              }

              Frame F89_EFCT_L_Lowerarm0 {

               FrameTransformMatrix {
                0.968206,0.079262,-0.237264,0.000000,-0.072448,0.996674,0.037316,0.000000,0.239433,-0.018940,0.970728,0.000000,-0.000000,0.000000,0.033352,1.000000;;
               }
              }

              Frame F90_EFCT_L_Lowerarm1 {

               FrameTransformMatrix {
                0.968611,0.079222,-0.235618,0.000000,-0.072335,0.996666,0.037745,0.000000,0.237822,-0.019517,0.971113,0.000000,-0.000000,0.000000,0.033352,1.000000;;
               }
              }

              Frame F91_EFCT_L_Lowerarm2 {

               FrameTransformMatrix {
                0.968942,0.079188,-0.234265,0.000000,-0.072337,0.996667,0.037708,0.000000,0.236471,-0.019591,0.971441,0.000000,-0.000000,0.000000,0.033352,1.000000;;
               }
              }

              Frame F92_EFCT_L_Lowerarm3 {

               FrameTransformMatrix {
                0.969258,0.079156,-0.232965,0.000000,-0.072611,0.996690,0.036551,0.000000,0.235087,-0.018511,0.971798,0.000000,-0.000000,0.000000,0.033352,1.000000;;
               }
              }

              Frame F93_EFCT_L_Lowerarm4 {

               FrameTransformMatrix {
                0.968059,0.079276,-0.237860,0.000000,-0.072007,0.996637,0.039106,0.000000,0.240160,-0.020729,0.970512,0.000000,-0.000000,0.000000,0.033352,1.000000;;
               }
              }
             }

             Frame F68_EFCT_L_Elbow0 {

              FrameTransformMatrix {
               0.180519,0.010746,0.983513,0.000000,-0.000001,0.999940,-0.010926,0.000000,-0.983571,0.001971,0.180508,0.000000,0.007500,-0.002172,0.213023,1.000000;;
              }
             }

             Frame F69_EFCT_L_Elbow1 {

              FrameTransformMatrix {
               0.180519,0.010746,0.983513,0.000000,-0.000001,0.999940,-0.010926,0.000000,-0.983571,0.001971,0.180508,0.000000,0.007500,-0.002172,0.213023,1.000000;;
              }
             }

             Frame F70_EFCT_L_Elbow2 {

              FrameTransformMatrix {
               -0.180519,-0.010745,-0.983513,0.000000,-0.000001,0.999940,-0.010925,0.000000,0.983572,-0.001971,-0.180508,0.000000,0.007500,-0.002172,0.213023,1.000000;;
              }
             }
            }

            Frame F117_EFCT_L_Upperarm0 {

             FrameTransformMatrix {
              0.985209,0.171351,0.001246,0.000000,-0.171356,0.985183,0.007167,0.000000,0.000000,-0.007274,0.999974,0.000000,0.019999,-0.008000,0.031248,1.000000;;
             }
            }

            Frame F118_EFCT_L_Upperarm1 {

             FrameTransformMatrix {
              0.961101,0.276176,0.003386,0.000000,-0.276197,0.961029,0.011783,0.000000,0.000000,-0.012259,0.999925,0.000000,0.019999,-0.008000,0.031248,1.000000;;
             }
            }

            Frame F119_EFCT_L_Upperarm2 {

             FrameTransformMatrix {
              0.933777,0.357830,0.004358,0.000000,-0.357857,0.933707,0.011373,0.000000,0.000000,-0.012180,0.999926,0.000000,0.019999,-0.008000,0.031248,1.000000;;
             }
            }

            Frame F120_EFCT_L_Upperarm3 {

             FrameTransformMatrix {
              0.872140,0.489220,0.005866,0.000000,-0.489256,0.872078,0.010457,0.000000,0.000000,-0.011990,0.999928,0.000000,0.019999,-0.008000,0.031248,1.000000;;
             }
            }
           }

           Frame F106_EFCT_L_Shoulder30 {

            FrameTransformMatrix {
             1.000000,-0.000000,0.000000,0.000000,0.000000,0.736782,-0.676130,0.000000,0.000000,0.676130,0.736782,0.000000,-0.000000,0.000000,0.012499,1.000000;;
            }
           }

           Frame F107_EFCT_L_Shoulder31 {

            FrameTransformMatrix {
             1.000000,0.000000,0.000000,0.000000,0.000000,-0.399887,0.916564,0.000000,0.000000,-0.916564,-0.399887,0.000000,-0.000000,0.000000,0.012499,1.000000;;
            }
           }

           Frame F108_EFCT_L_Shoulder32 {

            FrameTransformMatrix {
             1.000000,-0.000000,0.000000,0.000000,0.000000,0.736782,-0.676130,0.000000,0.000000,0.676130,0.736782,0.000000,-0.000000,0.000000,0.012499,1.000000;;
            }
           }

           Frame F109_EFCT_L_Shoulder33 {

            FrameTransformMatrix {
             1.000000,0.000000,0.000000,0.000000,0.000000,-0.402117,0.915588,0.000000,0.000000,-0.915588,-0.402117,0.000000,-0.000000,0.000000,0.012499,1.000000;;
            }
           }
          }
         }

         Frame F100_EFCT_L_Shoulder10 {

          FrameTransformMatrix {
           0.977856,-0.186365,0.095217,0.000000,0.191291,0.980481,-0.045442,0.000000,-0.084890,0.062650,0.994419,0.000000,0.000000,-0.000000,0.098319,1.000000;;
          }

          Frame F102_EFCT_L_Shoulder20 {

           FrameTransformMatrix {
            -0.438181,-0.007555,0.898855,0.000000,-0.017239,0.999851,0.000000,0.000000,-0.898721,-0.015495,-0.438246,0.000000,-0.000000,0.000000,0.031236,1.000000;;
           }
          }

          Frame F103_EFCT_L_Shoulder21 {

           FrameTransformMatrix {
            -0.276469,-0.004767,-0.961011,0.000000,-0.017239,0.999851,0.000000,0.000000,0.960868,0.016567,-0.276510,0.000000,-0.000000,0.000000,0.031236,1.000000;;
           }
          }
         }

         Frame F101_EFCT_L_Shoulder11 {

          FrameTransformMatrix {
           0.992579,-0.081896,0.089892,0.000000,0.087070,0.994670,-0.055233,0.000000,-0.084890,0.062650,0.994419,0.000000,0.000000,-0.000000,0.098319,1.000000;;
          }

          Frame F104_EFCT_L_Shoulder22 {

           FrameTransformMatrix {
            -0.437811,-0.007549,0.899035,0.000000,-0.017239,0.999851,-0.000000,0.000000,-0.898902,-0.015498,-0.437876,0.000000,-0.000000,0.000000,0.031242,1.000000;;
           }
          }

          Frame F105_EFCT_L_Shoulder23 {

           FrameTransformMatrix {
            -0.272352,-0.004696,-0.962186,0.000000,-0.017239,0.999851,-0.000000,0.000000,0.962043,0.016587,-0.272392,0.000000,-0.000000,0.000000,0.031242,1.000000;;
           }
          }
         }
        }

        Frame F39_CTRL_R_Shoulder0 {

         FrameTransformMatrix {
          0.256279,0.951170,0.172038,0.000000,-0.225383,-0.114274,0.967545,0.000000,0.939959,-0.286736,0.185092,0.000000,0.000000,-0.000000,0.227496,1.000000;;
         }

         Frame F40_CTRL_R_Shoulder1 {

          FrameTransformMatrix {
           0.996349,0.003730,-0.085289,0.000000,-0.009053,0.998029,-0.062104,0.000000,0.084890,0.062650,0.994419,0.000000,-0.000000,-0.000000,0.098319,1.000000;;
          }

          Frame F41_CTRL_R_Shoulder2 {

           FrameTransformMatrix {
            0.648024,-0.011173,0.761538,0.000000,0.017239,0.999851,-0.000000,0.000000,-0.761425,0.013128,0.648120,0.000000,0.000000,0.000000,0.031248,1.000000;;
           }

           Frame F42_CTRL_R_Shoulder3 {

            FrameTransformMatrix {
             1.000000,-0.000000,-0.000000,0.000000,0.000000,1.000000,-0.000000,0.000000,0.000000,0.000000,1.000000,0.000000,0.000000,0.000000,0.012499,1.000000;;
            }

            Frame F47_CTRL_R_Upperarm {

             FrameTransformMatrix {
              -0.195945,-0.980556,-0.010714,0.000000,0.980615,-0.195934,-0.002141,0.000000,-0.000000,-0.010926,0.999940,0.000000,-0.019999,-0.008000,0.031248,1.000000;;
             }

             Frame F29_CTRL_R_Elbow {

              FrameTransformMatrix {
               0.263654,0.013787,0.964519,0.000000,-0.078952,0.996851,0.007333,0.000000,-0.961381,-0.078084,0.263912,0.000000,-0.007500,-0.002172,0.213023,1.000000;;
              }

              Frame F37_CTRL_R_Lowerarm {

               FrameTransformMatrix {
                0.968237,-0.079218,0.237152,0.000000,0.070953,0.996544,0.043200,0.000000,-0.239755,-0.025002,0.970512,0.000000,0.000000,0.000000,0.033352,1.000000;;
               }

               Frame F48_CTRL_R_Wrist {

                FrameTransformMatrix {
                 0.988819,0.007110,0.148954,0.000000,0.064450,0.880379,-0.469872,0.000000,-0.134477,0.474218,0.870077,0.000000,0.000000,0.000000,0.203161,1.000000;;
                }

                Frame F30_CTRL_R_Finger0 {

                 FrameTransformMatrix {
                  -0.078377,0.984679,0.155768,0.000000,-0.856300,0.013516,-0.516302,0.000000,-0.510497,-0.173850,0.842122,0.000000,-0.025623,-0.012299,0.017424,1.000000;;
                 }

                 Frame F133_EFCT_R_Finger00 {

                  FrameTransformMatrix {
                   0.995963,-0.000678,-0.089757,0.000000,0.012236,0.991662,0.128283,0.000000,0.088922,-0.128863,0.987668,0.000000,-0.000000,-0.000000,0.036072,1.000000;;
                  }

                  Frame F134_EFCT_R_Finger01 {

                   FrameTransformMatrix {
                    0.997719,0.038533,-0.055429,0.000000,-0.039435,0.999106,-0.015261,0.000000,0.054792,0.017412,0.998346,0.000000,0.000000,0.000000,0.027271,1.000000;;
                   }
                  }
                 }
                }

                Frame F31_CTRL_R_Finger1 {

                 FrameTransformMatrix {
                  0.956552,0.130115,0.260917,0.000000,-0.141580,0.989597,0.025553,0.000000,-0.254878,-0.061383,0.965023,0.000000,-0.024086,-0.006150,0.077895,1.000000;;
                 }

                 Frame F135_EFCT_R_Finger10 {

                  FrameTransformMatrix {
                   0.993461,-0.112403,-0.020034,0.000000,0.110398,0.990454,-0.082535,0.000000,0.029120,0.079784,0.996387,0.000000,-0.000000,0.000000,0.029154,1.000000;;
                  }

                  Frame F136_EFCT_R_Finger11 {

                   FrameTransformMatrix {
                    0.999801,0.019853,0.002072,0.000000,-0.019856,0.999802,0.001556,0.000000,-0.002041,-0.001596,0.999997,0.000000,0.000000,-0.000000,0.021371,1.000000;;
                   }
                  }
                 }
                }

                Frame F32_CTRL_R_Finger2 {

                 FrameTransformMatrix {
                  0.999833,0.009320,-0.015738,0.000000,-0.008384,0.998250,0.058537,0.000000,0.016257,-0.058395,0.998161,0.000000,-0.008712,-0.005637,0.079945,1.000000;;
                 }

                 Frame F137_EFCT_R_Finger20 {

                  FrameTransformMatrix {
                   0.999806,-0.019372,-0.003540,0.000000,0.019132,0.998108,-0.058433,0.000000,0.004665,0.058354,0.998285,0.000000,-0.000000,0.000000,0.031524,1.000000;;
                  }

                  Frame F138_EFCT_R_Finger21 {

                   FrameTransformMatrix {
                    0.999896,-0.000949,-0.014392,0.000000,0.000677,0.999821,-0.018889,0.000000,0.014408,0.018877,0.999718,0.000000,-0.000000,-0.000000,0.022604,1.000000;;
                   }
                  }
                 }
                }

                Frame F33_CTRL_R_Finger3 {

                 FrameTransformMatrix {
                  0.975045,-0.127927,-0.181446,0.000000,0.140228,0.988499,0.056620,0.000000,0.172116,-0.080651,0.981770,0.000000,0.010762,-0.005125,0.077382,1.000000;;
                 }

                 Frame F139_EFCT_R_Finger30 {

                  FrameTransformMatrix {
                   0.999874,-0.001633,0.015784,0.000000,0.003199,0.995007,-0.099749,0.000000,-0.015542,0.099787,0.994887,0.000000,-0.000000,0.000000,0.029179,1.000000;;
                  }

                  Frame F140_EFCT_R_Finger31 {

                   FrameTransformMatrix {
                    0.999611,-0.019236,-0.020198,0.000000,0.019210,0.999814,-0.001463,0.000000,0.020222,0.001075,0.999795,0.000000,-0.000000,-0.000000,0.022621,1.000000;;
                   }
                  }
                 }
                }

                Frame F34_CTRL_R_Finger4 {

                 FrameTransformMatrix {
                  0.931074,-0.142266,-0.335950,0.000000,0.164238,0.985698,0.037761,0.000000,0.325773,-0.090334,0.941123,0.000000,0.026298,-0.005637,0.071120,1.000000;;
                 }

                 Frame F141_EFCT_R_Finger40 {

                  FrameTransformMatrix {
                   0.993987,-0.098256,0.048330,0.000000,0.103058,0.988607,-0.109701,0.000000,-0.037001,0.114022,0.992789,0.000000,-0.000000,-0.000000,0.025484,1.000000;;
                  }

                  Frame F142_EFCT_R_Finger41 {

                   FrameTransformMatrix {
                    0.997436,0.069632,-0.016536,0.000000,-0.069582,0.997570,0.003633,0.000000,0.016749,-0.002473,0.999857,0.000000,0.000000,-0.000000,0.016488,1.000000;;
                   }
                  }
                 }
                }
               }

               Frame F183_EFCT_R_Wrist0 {

                FrameTransformMatrix {
                 0.999609,0.001741,0.027891,0.000000,0.001687,0.992476,-0.122430,0.000000,-0.027895,0.122429,0.992085,0.000000,0.000000,0.000000,0.203161,1.000000;;
                }
               }

               Frame F184_EFCT_R_Wrist1 {

                FrameTransformMatrix {
                 0.999609,0.001741,0.027891,0.000000,0.005922,0.962196,-0.272294,0.000000,-0.027311,0.272353,0.961810,0.000000,0.000000,0.000000,0.203161,1.000000;;
                }
               }
              }

              Frame F151_EFCT_R_Lowerarm0 {

               FrameTransformMatrix {
                0.968206,-0.079262,0.237264,0.000000,0.072448,0.996674,0.037316,0.000000,-0.239433,-0.018940,0.970728,0.000000,0.000000,0.000000,0.033352,1.000000;;
               }
              }

              Frame F152_EFCT_R_Lowerarm1 {

               FrameTransformMatrix {
                0.968611,-0.079222,0.235618,0.000000,0.072335,0.996666,0.037745,0.000000,-0.237822,-0.019517,0.971113,0.000000,0.000000,0.000000,0.033352,1.000000;;
               }
              }

              Frame F153_EFCT_R_Lowerarm2 {

               FrameTransformMatrix {
                0.968942,-0.079188,0.234265,0.000000,0.072337,0.996667,0.037708,0.000000,-0.236471,-0.019591,0.971441,0.000000,0.000000,0.000000,0.033352,1.000000;;
               }
              }

              Frame F154_EFCT_R_Lowerarm3 {

               FrameTransformMatrix {
                0.969258,-0.079156,0.232965,0.000000,0.072611,0.996690,0.036551,0.000000,-0.235087,-0.018511,0.971798,0.000000,0.000000,0.000000,0.033352,1.000000;;
               }
              }

              Frame F155_EFCT_R_Lowerarm4 {

               FrameTransformMatrix {
                0.968059,-0.079276,0.237860,0.000000,0.072007,0.996637,0.039106,0.000000,-0.240160,-0.020729,0.970512,0.000000,0.000000,0.000000,0.033352,1.000000;;
               }
              }
             }

             Frame F130_EFCT_R_Elbow0 {

              FrameTransformMatrix {
               0.692773,-0.007880,-0.721113,0.000000,0.000001,0.999940,-0.010926,0.000000,0.721156,0.007568,0.692731,0.000000,-0.007500,-0.002172,0.213023,1.000000;;
              }
             }

             Frame F131_EFCT_R_Elbow1 {

              FrameTransformMatrix {
               0.692773,-0.007880,-0.721113,0.000000,0.000001,0.999940,-0.010926,0.000000,0.721156,0.007568,0.692731,0.000000,-0.007500,-0.002172,0.213023,1.000000;;
              }
             }

             Frame F132_EFCT_R_Elbow2 {

              FrameTransformMatrix {
               -0.692773,0.007879,0.721113,0.000000,0.000001,0.999940,-0.010925,0.000000,-0.721156,-0.007568,-0.692731,0.000000,-0.007500,-0.002172,0.213023,1.000000;;
              }
             }
            }

            Frame F179_EFCT_R_Upperarm0 {

             FrameTransformMatrix {
              0.890901,-0.454186,-0.003304,0.000000,0.454198,0.890877,0.006481,0.000000,-0.000000,-0.007274,0.999974,0.000000,-0.019999,-0.008000,0.031248,1.000000;;
             }
            }

            Frame F180_EFCT_R_Upperarm1 {

             FrameTransformMatrix {
              0.720591,-0.693308,-0.008500,0.000000,0.693360,0.720537,0.008834,0.000000,-0.000000,-0.012259,0.999925,0.000000,-0.019999,-0.008000,0.031248,1.000000;;
             }
            }

            Frame F181_EFCT_R_Upperarm2 {

             FrameTransformMatrix {
              0.538693,-0.842440,-0.010261,0.000000,0.842502,0.538653,0.006561,0.000000,-0.000000,-0.012180,0.999926,0.000000,-0.019999,-0.008000,0.031248,1.000000;;
             }
            }

            Frame F182_EFCT_R_Upperarm3 {

             FrameTransformMatrix {
              0.170281,-0.985325,-0.011815,0.000000,0.985396,0.170269,0.002042,0.000000,-0.000000,-0.011990,0.999928,0.000000,-0.019999,-0.008000,0.031248,1.000000;;
             }
            }
           }

           Frame F168_EFCT_R_Shoulder30 {

            FrameTransformMatrix {
             0.982336,0.000000,-0.187126,0.000000,-0.187126,0.000000,-0.982336,0.000000,-0.000000,1.000000,0.000000,0.000000,0.000000,0.000000,0.012499,1.000000;;
            }
           }

           Frame F169_EFCT_R_Shoulder31 {

            FrameTransformMatrix {
             0.983991,-0.033518,-0.175039,0.000000,0.178219,0.185062,0.966432,0.000000,-0.000000,-0.982155,0.188073,0.000000,0.000000,0.000000,0.012499,1.000000;;
            }
           }

           Frame F170_EFCT_R_Shoulder32 {

            FrameTransformMatrix {
             0.858121,0.000000,-0.513447,0.000000,-0.513447,0.000000,-0.858121,0.000000,-0.000000,1.000000,0.000000,0.000000,0.000000,0.000000,0.012499,1.000000;;
            }
           }

           Frame F171_EFCT_R_Shoulder33 {

            FrameTransformMatrix {
             0.911883,-0.072512,-0.403995,0.000000,0.410451,0.161097,0.897540,0.000000,-0.000000,-0.984271,0.176665,0.000000,0.000000,0.000000,0.012499,1.000000;;
            }
           }
          }
         }

         Frame F162_EFCT_R_Shoulder10 {

          FrameTransformMatrix {
           0.996349,0.003730,-0.085289,0.000000,-0.009053,0.998029,-0.062104,0.000000,0.084890,0.062650,0.994419,0.000000,-0.000000,-0.000000,0.098319,1.000000;;
          }

          Frame F164_EFCT_R_Shoulder20 {

           FrameTransformMatrix {
            -0.267435,0.004611,-0.963565,0.000000,0.017239,0.999851,0.000000,0.000000,0.963422,-0.016611,-0.267475,0.000000,0.000000,0.000000,0.031236,1.000000;;
           }
          }

          Frame F165_EFCT_R_Shoulder21 {

           FrameTransformMatrix {
            -0.423360,0.007299,0.905932,0.000000,0.017239,0.999851,0.000000,0.000000,-0.905797,0.015617,-0.423423,0.000000,0.000000,0.000000,0.031236,1.000000;;
           }
          }
         }

         Frame F163_EFCT_R_Shoulder11 {

          FrameTransformMatrix {
           0.996349,0.003730,-0.085289,0.000000,-0.009053,0.998029,-0.062104,0.000000,0.084890,0.062650,0.994419,0.000000,-0.000000,-0.000000,0.098319,1.000000;;
          }

          Frame F166_EFCT_R_Shoulder22 {

           FrameTransformMatrix {
            -0.267038,0.004604,-0.963675,0.000000,0.017239,0.999851,-0.000000,0.000000,0.963532,-0.016613,-0.267078,0.000000,0.000000,0.000000,0.031242,1.000000;;
           }
          }

          Frame F167_EFCT_R_Shoulder23 {

           FrameTransformMatrix {
            -0.386293,0.006660,0.922352,0.000000,0.017239,0.999851,-0.000000,0.000000,-0.922215,0.015900,-0.386350,0.000000,0.000000,0.000000,0.031242,1.000000;;
           }
          }
         }
        }

        Frame F49_DEST_C_Head {

         FrameTransformMatrix {
          0.961741,0.269430,0.049607,0.000000,-0.214403,0.627505,0.748511,0.000000,0.170543,-0.730510,0.661264,0.000000,0.000000,-0.029922,0.361656,1.000000;;
         }

         Frame F54_DMYF_C_Head {

          FrameTransformMatrix {
           1.000000,0.000000,0.000000,0.000000,0.000000,1.000000,0.000000,0.000000,0.000000,-0.000000,1.000000,0.000000,0.000000,-0.000000,0.160161,1.000000;;
          }
         }
        }

        Frame F58_EFCT_C_Neck0 {

         FrameTransformMatrix {
          0.990389,0.130887,0.044698,0.000000,-0.138309,0.937245,0.320067,0.000000,0.000000,-0.323173,0.946340,0.000000,0.000000,-0.000000,0.227496,1.000000;;
         }

         Frame F56_EFCT_C_Head0 {

          FrameTransformMatrix {
           0.990389,0.124857,-0.059498,0.000000,-0.088154,0.901329,0.424069,0.000000,0.106575,-0.414748,0.903674,0.000000,0.000000,0.000000,0.082302,1.000000;;
          }

          Frame F3_CTRL_C_Lowerlip {

           FrameTransformMatrix {
            1.000000,0.000000,0.000000,0.000000,0.000000,0.973105,0.230360,0.000000,0.000000,-0.230360,0.973105,0.000000,0.000000,0.010721,0.048225,1.000000;;
           }
          }

          Frame F5_CTRL_C_Upperlip {

           FrameTransformMatrix {
            1.000000,0.000000,0.000000,0.000000,0.000000,0.997067,0.076540,0.000000,0.000000,-0.076540,0.997067,0.000000,0.000000,0.010721,0.048225,1.000000;;
           }
          }

          Frame F15_CTRL_L_Lipside {

           FrameTransformMatrix {
            0.910684,-0.001959,0.413099,0.000000,-0.069017,0.985212,0.156823,0.000000,-0.407298,-0.171327,0.897082,0.000000,-0.000000,0.010721,0.048225,1.000000;;
           }
          }

          Frame F36_CTRL_R_Lipside {

           FrameTransformMatrix {
            0.910684,0.001959,-0.413099,0.000000,0.069017,0.985212,0.156823,0.000000,0.407298,-0.171327,0.897082,0.000000,0.000000,0.010721,0.048225,1.000000;;
           }
          }
         }

         Frame F57_EFCT_C_Head1 {

          FrameTransformMatrix {
           0.999414,0.030891,-0.014720,0.000000,-0.021610,0.903311,0.428441,0.000000,0.026532,-0.427872,0.903450,0.000000,0.000000,0.000000,0.082302,1.000000;;
          }
         }
        }

        Frame F59_EFCT_C_Neck1 {

         FrameTransformMatrix {
          0.999382,0.029785,0.018653,0.000000,-0.035144,0.846995,0.530438,0.000000,0.000000,-0.530766,0.847518,0.000000,0.000000,-0.000000,0.227496,1.000000;;
         }
        }

        Frame F64_EFCT_L_Breast {

         FrameTransformMatrix {
          1.000000,-0.000000,-0.000000,0.000000,-0.000000,-0.062608,0.998038,0.000000,-0.000000,-0.998038,-0.062608,0.000000,-0.056939,0.088340,0.067526,1.000000;;
         }

         Frame F50_DEST_L_Breast0 {

          FrameTransformMatrix {
           1.000000,-0.000000,-0.000000,0.000000,0.000000,0.999231,-0.039218,0.000000,0.000000,0.039218,0.999231,0.000000,0.000000,0.000000,0.047208,1.000000;;
          }

          Frame F51_DEST_L_Breast1 {

           FrameTransformMatrix {
            0.999234,-0.019292,0.034043,0.000000,0.024649,0.986034,-0.164712,0.000000,-0.030389,0.165425,0.985754,0.000000,-0.000000,0.000000,0.098890,1.000000;;
           }
          }
         }
        }

        Frame F99_EFCT_L_Shoulder0 {

         FrameTransformMatrix {
          0.092662,-0.977594,-0.189009,0.000000,-0.054520,-0.194523,0.979382,0.000000,-0.994204,-0.080447,-0.071323,0.000000,-0.000000,-0.000000,0.227496,1.000000;;
         }
        }

        Frame F126_EFCT_R_Breast {

         FrameTransformMatrix {
          1.000000,0.000000,0.000000,0.000000,-0.000000,-0.002610,0.999997,0.000000,0.000000,-0.999997,-0.002610,0.000000,0.056939,0.088340,0.067526,1.000000;;
         }

         Frame F52_DEST_R_Breast0 {

          FrameTransformMatrix {
           1.000000,0.000000,0.000000,0.000000,-0.000000,0.999231,-0.039218,0.000000,-0.000000,0.039218,0.999231,0.000000,-0.000000,0.000000,0.047208,1.000000;;
          }

          Frame F53_DEST_R_Breast1 {

           FrameTransformMatrix {
            0.999234,0.019292,-0.034043,0.000000,-0.024649,0.986034,-0.164712,0.000000,0.030389,0.165425,0.985754,0.000000,0.000000,0.000000,0.098890,1.000000;;
           }
          }
         }
        }

        Frame F161_EFCT_R_Shoulder0 {

         FrameTransformMatrix {
          0.178960,0.966862,0.182074,0.000000,-0.034051,-0.178864,0.983284,0.000000,0.983267,-0.182168,0.000913,0.000000,0.000000,-0.000000,0.227496,1.000000;;
         }
        }
       }
      }
     }
    }

    Frame F23_CTRL_L_ThighPivot0 {

     FrameTransformMatrix {
      0.976296,0.000000,0.216440,0.000000,-0.216440,0.000000,0.976296,0.000000,0.000000,-1.000000,0.000000,0.000000,-0.119488,-0.048384,-0.011912,1.000000;;
     }

     Frame F24_CTRL_L_ThighPivot1 {

      FrameTransformMatrix {
       1.000000,-0.000000,0.000000,0.000000,0.000000,-0.197657,-0.980271,0.000000,0.000000,0.980271,-0.197657,0.000000,-0.000000,-0.000000,0.006720,1.000000;;
      }

      Frame F22_CTRL_L_Thigh {

       FrameTransformMatrix {
        0.992631,0.120484,0.012970,0.000000,-0.120096,0.992384,-0.027389,0.000000,-0.016171,0.025629,0.999541,0.000000,0.027408,0.000000,0.086016,1.000000;;
       }

       Frame F14_CTRL_L_Knee {

        FrameTransformMatrix {
         0.999477,0.031868,-0.005505,0.000000,0.008073,-0.081023,0.996680,0.000000,0.031317,-0.996203,-0.081238,0.000000,-0.008070,-0.034014,0.295084,1.000000;;
        }

        Frame F17_CTRL_L_Shin {

         FrameTransformMatrix {
          0.999650,-0.026302,-0.002967,0.000000,0.021230,0.729762,0.683371,0.000000,-0.015809,-0.683195,0.730065,0.000000,-0.000000,-0.000000,0.041849,1.000000;;
         }

         Frame F7_CTRL_L_Ankle {

          FrameTransformMatrix {
           0.999999,-0.000016,0.001247,0.000000,-0.000293,0.968899,0.247455,0.000000,-0.001212,-0.247455,0.968899,0.000000,0.000000,0.000000,0.347192,1.000000;;
          }

          Frame F25_CTRL_L_Toe {

           FrameTransformMatrix {
            0.971572,0.236717,-0.003558,0.000000,-0.028190,0.100757,-0.994512,0.000000,-0.235059,0.966340,0.104566,0.000000,-0.006001,0.100069,0.078086,1.000000;;
           }
          }
         }

         Frame F61_EFCT_L_Ankle0 {

          FrameTransformMatrix {
           0.999999,0.000013,-0.001022,0.000000,0.000006,0.999824,0.018761,0.000000,0.001022,-0.018761,0.999823,0.000000,0.000000,0.000000,0.347192,1.000000;;
          }
         }

         Frame F62_EFCT_L_Ankle1 {

          FrameTransformMatrix {
           0.999950,-0.000131,0.009985,0.000000,-0.000702,0.996521,0.083342,0.000000,-0.009961,-0.083345,0.996471,0.000000,0.000000,0.000000,0.347192,1.000000;;
          }
         }

         Frame F63_EFCT_L_Ankle2 {

          FrameTransformMatrix {
           0.999717,-0.000312,0.023789,0.000000,-0.004270,0.981318,0.192347,0.000000,-0.023405,-0.192394,0.981039,0.000000,0.000000,0.000000,0.347192,1.000000;;
          }
         }
        }

        Frame F94_EFCT_L_Shin0 {

         FrameTransformMatrix {
          0.999777,-0.013834,-0.015940,0.000000,0.020913,0.751192,0.659753,0.000000,0.002847,-0.659939,0.751314,0.000000,-0.000000,-0.000000,0.041849,1.000000;;
         }
        }

        Frame F95_EFCT_L_Shin1 {

         FrameTransformMatrix {
          0.999627,-0.027191,-0.002371,0.000000,0.021817,0.743805,0.668041,0.000000,-0.016401,-0.667844,0.744121,0.000000,-0.000000,-0.000000,0.041849,1.000000;;
         }
        }

        Frame F96_EFCT_L_Shin2 {

         FrameTransformMatrix {
          0.999599,-0.028302,-0.001248,0.000000,0.021754,0.738612,0.673780,0.000000,-0.018148,-0.673537,0.738931,0.000000,-0.000000,-0.000000,0.041849,1.000000;;
         }
        }

        Frame F97_EFCT_L_Shin3 {

         FrameTransformMatrix {
          0.999576,-0.029108,-0.000433,0.000000,0.021692,0.734816,0.677920,0.000000,-0.019415,-0.677642,0.735136,0.000000,-0.000000,-0.000000,0.041849,1.000000;;
         }
        }

        Frame F98_EFCT_L_Shin4 {

         FrameTransformMatrix {
          0.999561,-0.029642,0.000106,0.000000,0.021644,0.732291,0.680648,0.000000,-0.020253,-0.680346,0.732611,0.000000,-0.000000,-0.000000,0.041849,1.000000;;
         }
        }
       }

       Frame F86_EFCT_L_Knee0 {

        FrameTransformMatrix {
         0.999794,0.012241,-0.016174,0.000000,-0.015131,0.981130,-0.192759,0.000000,0.013509,0.192964,0.981113,0.000000,-0.008070,-0.034014,0.295084,1.000000;;
        }
       }

       Frame F87_EFCT_L_Knee1 {

        FrameTransformMatrix {
         0.999794,0.012241,-0.016174,0.000000,-0.015954,0.966982,-0.254347,0.000000,0.012527,0.254552,0.966978,0.000000,-0.008070,-0.034014,0.295084,1.000000;;
        }
       }

       Frame F88_EFCT_L_Knee2 {

        FrameTransformMatrix {
         0.999794,0.012241,-0.016166,0.000000,0.015498,-0.975402,0.219889,0.000000,-0.013077,-0.220094,-0.975391,0.000000,-0.008070,-0.034014,0.295084,1.000000;;
        }
       }
      }

      Frame F110_EFCT_L_Thigh0 {

       FrameTransformMatrix {
        0.999737,0.003067,0.022728,0.000000,-0.002404,0.999572,-0.029147,0.000000,-0.022808,0.029085,0.999317,0.000000,0.027408,0.000000,0.086016,1.000000;;
       }
      }

      Frame F111_EFCT_L_Thigh1 {

       FrameTransformMatrix {
        0.999607,0.019255,0.020355,0.000000,-0.018687,0.999441,-0.027728,0.000000,-0.020878,0.027336,0.999408,0.000000,0.027408,0.000000,0.086016,1.000000;;
       }
      }

      Frame F112_EFCT_L_Thigh2 {

       FrameTransformMatrix {
        0.998777,0.045857,0.018498,0.000000,-0.045325,0.998573,-0.028253,0.000000,-0.019767,0.027380,0.999430,0.000000,0.027408,0.000000,0.086016,1.000000;;
       }
      }

      Frame F113_EFCT_L_Thigh3 {

       FrameTransformMatrix {
        0.997646,0.066393,0.017138,0.000000,-0.065904,0.997442,-0.027671,0.000000,-0.018931,0.026476,0.999470,0.000000,0.027408,0.000000,0.086016,1.000000;;
       }
      }

      Frame F114_EFCT_L_Thigh4 {

       FrameTransformMatrix {
        0.995566,0.092698,0.015974,0.000000,-0.092205,0.995310,-0.029249,0.000000,-0.018610,0.027647,0.999444,0.000000,0.027408,0.000000,0.086016,1.000000;;
       }
      }
     }
