xof 0303txt 0032

template XSkinMeshHeader {
  <3cf169ce-ff7c-44ab-93c0-f78f62d172e2>
  WORD nMaxSkinWeightsPerVertex;
  WORD nMaxSkinWeightsPerFace;
  WORD nBones;
}

template SkinWeights {
  <6f0d123b-bad2-4167-a0d0-80224f25fabb>
  STRING transformNodeName;
  DWORD nWeights;
  array DWORD vertexIndices[nWeights];
  array float weights[nWeights];
  Matrix4x4 matrixOffset;
}

Frame Root {
  FrameTransformMatrix {
     1.000000, 0.000000, 0.000000, 0.000000,
     0.000000,-0.000000, 1.000000, 0.000000,
     0.000000, 1.000000, 0.000000, 0.000000,
     0.000000, 0.000000, 0.000000, 1.000000;;
  }
  Frame metarig {
    FrameTransformMatrix {
      -0.884307,-0.000000, 0.000000, 0.000000,
       0.000000,-0.884307,-0.000000, 0.000000,
       0.000000,-0.000000, 0.884307, 0.000000,
       0.000000, 0.046990,-0.065759, 1.000000;;
    }
    Frame metarig_hips {
      FrameTransformMatrix {
         1.000000, 0.000000, 0.000000, 0.000000,
         0.000000,-0.213597, 0.976922, 0.000000,
         0.000000,-0.976922,-0.213597, 0.000000,
        -0.000000, 0.196688, 0.841790, 1.000000;;
      }
      Frame metarig_spine {
        FrameTransformMatrix {
           0.975526, 0.053716, 0.213224, 0.000000,
          -0.054043, 0.998529,-0.004295, 0.000000,
          -0.213141,-0.007334, 0.976994, 0.000000,
          -0.000000, 0.200500, 0.103335, 1.000000;;
        }
        Frame metarig_chest {
          FrameTransformMatrix {
             0.733454, 0.014637, 0.679581, 0.000000,
            -0.064149, 0.996797, 0.047765, 0.000000,
            -0.676705,-0.078627, 0.732044, 0.000000,
             0.000000, 0.210488,-0.000000, 1.000000;;
          }
          Frame metarig_chest_L {
            FrameTransformMatrix {
              -0.428898, 0.567319, 0.702991, 0.000000,
               0.696895,-0.287365, 0.657084, 0.000000,
               0.574791, 0.771733,-0.272111, 0.000000,
              -0.000000, 0.237351,-0.000000, 1.000000;;
            }
            Frame metarig_chest_L_001 {
              FrameTransformMatrix {
                -0.310266, 0.662682, 0.681607, 0.000000,
                -0.464439, 0.519936,-0.716912, 0.000000,
                -0.829476,-0.538999, 0.146457, 0.000000,
                -0.000000, 0.230497,-0.000000, 1.000000;;
              }
            } // End of metarig_chest_L_001
          } // End of metarig_chest_L
          Frame metarig_chest_R {
            FrameTransformMatrix {
              -0.428898,-0.567318,-0.702991, 0.000000,
              -0.696895,-0.287365, 0.657084, 0.000000,
              -0.574791, 0.771733,-0.272111, 0.000000,
              -0.000000, 0.237351,-0.000000, 1.000000;;
            }
            Frame metarig_chest_R_001 {
              FrameTransformMatrix {
                -0.310266,-0.662682,-0.681607, 0.000000,
                 0.464439, 0.519936,-0.716912, 0.000000,
                 0.829476,-0.538999, 0.146457, 0.000000,
                -0.000000, 0.230497, 0.000000, 1.000000;;
              }
            } // End of metarig_chest_R_001
          } // End of metarig_chest_R
          Frame metarig_neck {
            FrameTransformMatrix {
               1.000000, 0.000000, 0.000000, 0.000000,
              -0.000000, 0.949232, 0.314578, 0.000000,
               0.000000,-0.314578, 0.949232, 0.000000,
              -0.000000, 0.264707, 0.000000, 1.000000;;
            }
            Frame metarig_head {
              FrameTransformMatrix {
                 0.845338,-0.283866,-0.452575, 0.000000,
                 0.085000, 0.907825,-0.410644, 0.000000,
                 0.527427, 0.308664, 0.791548, 0.000000,
                -0.000000, 0.120221,-0.000000, 1.000000;;
              }
              Frame metarig_head_001 {
                FrameTransformMatrix {
                   1.000000, 0.000000, 0.000000, 0.000000,
                  -0.000000,-0.971563, 0.236782, 0.000000,
                   0.000000,-0.236782,-0.971567, 0.000000,
                  -0.000000, 0.804440, 0.000000, 1.000000;;
                }
                Frame metarig_head_001_L {
                  FrameTransformMatrix {
                    -0.493018, 0.139190, 0.858812, 0.000000,
                    -0.697427, 0.526902,-0.485768, 0.000000,
                    -0.520124,-0.838451,-0.162697, 0.000000,
                     0.000000, 0.408027, 0.000000, 1.000000;;
                  }
                } // End of metarig_head_001_L
                Frame metarig_head_001_R {
                  FrameTransformMatrix {
                    -0.493018,-0.139190,-0.858813, 0.000000,
                     0.697427, 0.526901,-0.485768, 0.000000,
                     0.520124,-0.838451,-0.162697, 0.000000,
                     0.000000, 0.408027, 0.000000, 1.000000;;
                  }
                } // End of metarig_head_001_R
                Frame metarig_head_002 {
                  FrameTransformMatrix {
                     0.856381,-0.077000, 0.510571, 0.000000,
                     0.052404, 0.996674, 0.062413, 0.000000,
                    -0.513678,-0.026693, 0.857568, 0.000000,
                     0.000000, 0.408027, 0.000000, 1.000000;;
                  }
                } // End of metarig_head_002
              } // End of metarig_head_001
              Frame metarig_head_L {
                FrameTransformMatrix {
                  -0.377121,-0.321662, 0.868512, 0.000000,
                   0.660793, 0.563618, 0.495668, 0.000000,
                  -0.648947, 0.760834,-0.000000, 0.000000,
                  -0.000000, 0.804440,-0.000000, 1.000000;;
                }
                Frame metarig_head_L_001 {
                  FrameTransformMatrix {
                     0.524025, 0.844599, 0.109776, 0.000000,
                    -0.838001, 0.488268, 0.243613, 0.000000,
                     0.152155,-0.219652, 0.963640, 0.000000,
                     0.000000, 0.362340,-0.000000, 1.000000;;
                  }
                  Frame metarig_head_L_002 {
                    FrameTransformMatrix {
                       0.276305, 0.473731,-0.836202, 0.000000,
                      -0.876644,-0.232365,-0.421309, 0.000000,
                      -0.393891, 0.849462, 0.351090, 0.000000,
                       0.000000, 0.515855, 0.000000, 1.000000;;
                    }
                    Frame metarig_head_L_003 {
                      FrameTransformMatrix {
                         0.899676,-0.123881,-0.418613, 0.000000,
                         0.436518, 0.242243, 0.866470, 0.000000,
                        -0.005933,-0.962274, 0.272017, 0.000000,
                         0.000000, 0.367192,-0.000000, 1.000000;;
                      }
                    } // End of metarig_head_L_003
                  } // End of metarig_head_L_002
                } // End of metarig_head_L_001
              } // End of metarig_head_L
              Frame metarig_head_L_004 {
                FrameTransformMatrix {
                   0.266973, 0.382516,-0.884538, 0.000000,
                  -0.468921,-0.750306,-0.465998, 0.000000,
                  -0.841926, 0.539187,-0.020942, 0.000000,
                   0.000000, 0.804440, 0.000000, 1.000000;;
                }
                Frame metarig_head_L_005 {
                  FrameTransformMatrix {
                     0.292620,-0.245443,-0.924192, 0.000000,
                     0.158754, 0.965554,-0.206163, 0.000000,
                     0.942959,-0.086392, 0.321505, 0.000000,
                     0.000000, 0.836424, 0.000000, 1.000000;;
                  }
                  Frame metarig_head_L_006 {
                    FrameTransformMatrix {
                       0.985824, 0.146283,-0.082173, 0.000000,
                      -0.166047, 0.920869,-0.352743, 0.000000,
                       0.024071, 0.361387, 0.932105, 0.000000,
                       0.000000, 0.805341,-0.000000, 1.000000;;
                    }
                  } // End of metarig_head_L_006
                  Frame metarig_head_L_007 {
                    FrameTransformMatrix {
                       0.999084,-0.030151,-0.030382, 0.000000,
                       0.021049, 0.964125,-0.264614, 0.000000,
                       0.037270, 0.263732, 0.963876, 0.000000,
                       0.000000, 0.805341,-0.000000, 1.000000;;
                    }
                  } // End of metarig_head_L_007
                  Frame metarig_head_L_008 {
                    FrameTransformMatrix {
                       0.971316,-0.236811, 0.021572, 0.000000,
                       0.234231, 0.968467, 0.084902, 0.000000,
                      -0.040997,-0.077414, 0.996156, 0.000000,
                       0.000000, 0.805341,-0.000000, 1.000000;;
                    }
                  } // End of metarig_head_L_008
                } // End of metarig_head_L_005
                Frame metarig_head_L_009 {
                  FrameTransformMatrix {
                     0.750975,-0.091819,-0.653916, 0.000000,
                     0.308717, 0.924215, 0.224766, 0.000000,
                     0.583722,-0.370668, 0.722408, 0.000000,
                     0.000000, 0.836424, 0.000000, 1.000000;;
                  }
                } // End of metarig_head_L_009
                Frame metarig_head_L_010 {
                  FrameTransformMatrix {
                     0.288780,-0.595602,-0.749576, 0.000000,
                     0.119152, 0.799204,-0.589131, 0.000000,
                     0.949952, 0.080816, 0.301761, 0.000000,
                     0.000000, 0.836424, 0.000000, 1.000000;;
                  }
                } // End of metarig_head_L_010
              } // End of metarig_head_L_004
              Frame metarig_head_R {
                FrameTransformMatrix {
                  -0.377121, 0.321662,-0.868512, 0.000000,
                  -0.660793, 0.563618, 0.495668, 0.000000,
                   0.648947, 0.760834,-0.000000, 0.000000,
                  -0.000000, 0.804440,-0.000000, 1.000000;;
                }
                Frame metarig_head_R_001 {
                  FrameTransformMatrix {
                     0.524025,-0.844599,-0.109776, 0.000000,
                     0.838001, 0.488268, 0.243613, 0.000000,
                    -0.152155,-0.219652, 0.963640, 0.000000,
                     0.000000, 0.362340, 0.000000, 1.000000;;
                  }
                  Frame metarig_head_R_002 {
                    FrameTransformMatrix {
                       0.276305,-0.473731, 0.836202, 0.000000,
                       0.876644,-0.232365,-0.421309, 0.000000,
                       0.393891, 0.849462, 0.351090, 0.000000,
                       0.000000, 0.515855, 0.000000, 1.000000;;
                    }
                    Frame metarig_head_R_003 {
                      FrameTransformMatrix {
                         0.899676, 0.123881, 0.418613, 0.000000,
                        -0.436518, 0.242243, 0.866470, 0.000000,
                         0.005933,-0.962274, 0.272017, 0.000000,
                        -0.000000, 0.367191, 0.000000, 1.000000;;
                      }
                    } // End of metarig_head_R_003
                  } // End of metarig_head_R_002
                } // End of metarig_head_R_001
              } // End of metarig_head_R
              Frame metarig_head_R_004 {
                FrameTransformMatrix {
                   0.266973,-0.382516, 0.884538, 0.000000,
                   0.468921,-0.750306,-0.465998, 0.000000,
                   0.841926, 0.539187,-0.020942, 0.000000,
                  -0.000000, 0.804440,-0.000000, 1.000000;;
                }
                Frame metarig_head_R_005 {
                  FrameTransformMatrix {
                     0.292620, 0.245443, 0.924192, 0.000000,
                    -0.158754, 0.965554,-0.206163, 0.000000,
                    -0.942959,-0.086391, 0.321505, 0.000000,
                    -0.000000, 0.836424,-0.000000, 1.000000;;
                  }
                  Frame metarig_head_R_006 {
                    FrameTransformMatrix {
                       0.985824,-0.146283, 0.082173, 0.000000,
                       0.166047, 0.920870,-0.352743, 0.000000,
                      -0.024071, 0.361387, 0.932105, 0.000000,
                      -0.000000, 0.805341, 0.000000, 1.000000;;
                    }
                  } // End of metarig_head_R_006
                  Frame metarig_head_R_007 {
                    FrameTransformMatrix {
                       0.999084, 0.030151, 0.030382, 0.000000,
                      -0.021049, 0.964125,-0.264614, 0.000000,
                      -0.037270, 0.263731, 0.963876, 0.000000,
                      -0.000000, 0.805341, 0.000000, 1.000000;;
                    }
                  } // End of metarig_head_R_007
                  Frame metarig_head_R_008 {
                    FrameTransformMatrix {
                       0.971316, 0.236811,-0.021572, 0.000000,
                      -0.234231, 0.968467, 0.084902, 0.000000,
                       0.040997,-0.077414, 0.996156, 0.000000,
                      -0.000000, 0.805341, 0.000000, 1.000000;;
                    }
                  } // End of metarig_head_R_008
                } // End of metarig_head_R_005
                Frame metarig_head_R_009 {
                  FrameTransformMatrix {
                     0.750975, 0.091819, 0.653916, 0.000000,
                    -0.308717, 0.924216, 0.224766, 0.000000,
                    -0.583722,-0.370668, 0.722409, 0.000000,
                    -0.000000, 0.836424,-0.000000, 1.000000;;
                  }
                } // End of metarig_head_R_009
                Frame metarig_head_R_010 {
                  FrameTransformMatrix {
                     0.288780, 0.595602, 0.749576, 0.000000,
                    -0.119152, 0.799204,-0.589131, 0.000000,
                    -0.949952, 0.080816, 0.301762, 0.000000,
                    -0.000000, 0.836424,-0.000000, 1.000000;;
                  }
                } // End of metarig_head_R_010
              } // End of metarig_head_R_004
            } // End of metarig_head
          } // End of metarig_neck
          Frame metarig_shoulder_L {
            FrameTransformMatrix {
               0.383843,-0.027166, 0.922999, 0.000000,
               0.919677,-0.078399,-0.384769, 0.000000,
               0.082815, 0.996552,-0.005109, 0.000000,
               0.051338, 0.246090, 0.139962, 1.000000;;
            }
            Frame metarig_upper_arm_L {
              FrameTransformMatrix {
                -0.226202,-0.567040,-0.792022, 0.000000,
                 0.291926, 0.736260,-0.610492, 0.000000,
                 0.929307,-0.369306,-0.001010, 0.000000,
                 0.022467, 0.278211, 0.003147, 1.000000;;
              }
              Frame metarig_forearm_L {
                FrameTransformMatrix {
                   0.993347, 0.048879,-0.104273, 0.000000,
                  -0.047271, 0.998723, 0.017838, 0.000000,
                   0.105012,-0.012791, 0.994389, 0.000000,
                  -0.000000, 0.273578,-0.000000, 1.000000;;
                }
                Frame metarig_hand_L {
                  FrameTransformMatrix {
                    -0.012390,-0.039481,-0.999144, 0.000000,
                     0.027709, 0.998823,-0.039811, 0.000000,
                     0.999539,-0.028179,-0.011282, 0.000000,
                    -0.000000, 0.361187, 0.000000, 1.000000;;
                  }
                  Frame metarig_palm_01_L {
                    FrameTransformMatrix {
                      -0.263554, 0.964634,-0.004567, 0.000000,
                      -0.964602,-0.263494, 0.010694, 0.000000,
                       0.009112, 0.007223, 0.999932, 0.000000,
                      -0.048306, 0.039749,-0.005259, 1.000000;;
                    }
                    Frame metarig_f_index_01_L {
                      FrameTransformMatrix {
                        -0.175461,-0.976467,-0.125403, 0.000000,
                         0.972145,-0.151743,-0.178629, 0.000000,
                         0.155397,-0.153253, 0.975892, 0.000000,
                         0.069627,-0.000000, 0.000001, 1.000000;;
                      }
                      Frame metarig_f_index_02_L {
                        FrameTransformMatrix {
                           0.999896,-0.007038, 0.012570, 0.000000,
                           0.005001, 0.987866, 0.155230, 0.000000,
                          -0.013510,-0.155151, 0.987798, 0.000000,
                          -0.000000, 0.045039, 0.000000, 1.000000;;
                        }
                        Frame metarig_f_index_03_L {
                          FrameTransformMatrix {
                             0.997688,-0.067496, 0.007877, 0.000000,
                             0.063957, 0.971842, 0.226789, 0.000000,
                            -0.022962,-0.225761, 0.973912, 0.000000,
                            -0.000000, 0.028224, 0.000000, 1.000000;;
                          }
                        } // End of metarig_f_index_03_L
                      } // End of metarig_f_index_02_L
                    } // End of metarig_f_index_01_L
                    Frame metarig_thumb_01_L {
                      FrameTransformMatrix {
                         0.528684, 0.089067,-0.844133, 0.000000,
                         0.794864, 0.296953, 0.529160, 0.000000,
                         0.297798,-0.950729, 0.086198, 0.000000,
                        -0.016033, 0.025053, 0.024516, 1.000000;;
                      }
                      Frame metarig_thumb_02_L {
                        FrameTransformMatrix {
                           0.989123,-0.146646,-0.011445, 0.000000,
                           0.142817, 0.938844, 0.313329, 0.000000,
                          -0.035203,-0.311556, 0.949576, 0.000000,
                           0.000000, 0.041745,-0.000000, 1.000000;;
                        }
                        Frame metarig_thumb_03_L {
                          FrameTransformMatrix {
                             0.996597,-0.082250,-0.005472, 0.000000,
                             0.082385, 0.996071, 0.032498, 0.000000,
                             0.002778,-0.032838, 0.999457, 0.000000,
                             0.000000, 0.033447,-0.000000, 1.000000;;
                          }
                        } // End of metarig_thumb_03_L
                      } // End of metarig_thumb_02_L
                    } // End of metarig_thumb_01_L
                  } // End of metarig_palm_01_L
                  Frame metarig_palm_02_L {
                    FrameTransformMatrix {
                       0.997847, 0.065044, 0.008388, 0.000000,
                      -0.064855, 0.997671,-0.021154, 0.000000,
                      -0.009745, 0.020564, 0.999741, 0.000000,
                      -0.014005, 0.042079,-0.007701, 1.000000;;
                    }
                    Frame metarig_f_middle_01_L {
                      FrameTransformMatrix {
                         0.996263,-0.069309,-0.051546, 0.000000,
                         0.064951, 0.994523,-0.081887, 0.000000,
                         0.056939, 0.078233, 0.995308, 0.000000,
                        -0.000000, 0.068187, 0.000000, 1.000000;;
                      }
                      Frame metarig_f_middle_02_L {
                        FrameTransformMatrix {
                           0.996959,-0.033201, 0.070503, 0.000000,
                           0.015646, 0.971561, 0.236272, 0.000000,
                          -0.076342,-0.234450, 0.969126, 0.000000,
                          -0.000000, 0.049541,-0.000000, 1.000000;;
                        }
                        Frame metarig_f_middle_03_L {
                          FrameTransformMatrix {
                             0.998387,-0.042549, 0.037600, 0.000000,
                             0.037875, 0.992372, 0.117319, 0.000000,
                            -0.042305,-0.115706, 0.992382, 0.000000,
                             0.000000, 0.032196,-0.000000, 1.000000;;
                          }
                        } // End of metarig_f_middle_03_L
                      } // End of metarig_f_middle_02_L
                    } // End of metarig_f_middle_01_L
                  } // End of metarig_palm_02_L
                  Frame metarig_palm_03_L {
                    FrameTransformMatrix {
                       0.996926,-0.063830, 0.045438, 0.000000,
                       0.065755, 0.996943,-0.042196, 0.000000,
                      -0.042605, 0.045054, 0.998076, 0.000000,
                       0.009395, 0.040037,-0.006946, 1.000000;;
                    }
                    Frame metarig_f_ring_01_L {
                      FrameTransformMatrix {
                         0.998793, 0.026970, 0.041062, 0.000000,
                        -0.029322, 0.997897, 0.057800, 0.000000,
                        -0.039417,-0.058934, 0.997483, 0.000000,
                         0.000000, 0.069797, 0.000000, 1.000000;;
                      }
                      Frame metarig_f_ring_02_L {
                        FrameTransformMatrix {
                           0.998272,-0.044356, 0.038546, 0.000000,
                           0.038163, 0.988141, 0.148729, 0.000000,
                          -0.044686,-0.147001, 0.988126, 0.000000,
                          -0.000000, 0.044817, 0.000000, 1.000000;;
                        }
                        Frame metarig_f_ring_03_L {
                          FrameTransformMatrix {
                             0.993891,-0.085247, 0.070096, 0.000000,
                             0.059312, 0.948182, 0.312143, 0.000000,
                            -0.093073,-0.306079, 0.947446, 0.000000,
                            -0.000000, 0.031801, 0.000000, 1.000000;;
                          }
                        } // End of metarig_f_ring_03_L
                      } // End of metarig_f_ring_02_L
                    } // End of metarig_f_ring_01_L
                  } // End of metarig_palm_03_L
                  Frame metarig_palm_04_L {
                    FrameTransformMatrix {
                       0.981906,-0.188481, 0.018318, 0.000000,
                       0.188535, 0.982066,-0.001256, 0.000000,
                      -0.017752, 0.004687, 0.999831, 0.000000,
                       0.024147, 0.035993,-0.004566, 1.000000;;
                    }
                    Frame metarig_f_pinky_01_L {
                      FrameTransformMatrix {
                         0.976383, 0.060042, 0.207537, 0.000000,
                        -0.102375, 0.974494, 0.199704, 0.000000,
                        -0.190253,-0.216234, 0.957626, 0.000000,
                         0.000000, 0.074802, 0.000000, 1.000000;;
                      }
                      Frame metarig_f_pinky_02_L {
                        FrameTransformMatrix {
                           0.999244,-0.033326, 0.020027, 0.000000,
                           0.031455, 0.995676, 0.087406, 0.000000,
                          -0.022853,-0.086710, 0.995972, 0.000000,
                          -0.000000, 0.027876, 0.000000, 1.000000;;
                        }
                        Frame metarig_f_pinky_03_L {
                          FrameTransformMatrix {
                             0.999089,-0.032676, 0.027458, 0.000000,
                             0.027461, 0.984619, 0.172543, 0.000000,
                            -0.032674,-0.171632, 0.984619, 0.000000,
                            -0.000000, 0.022592,-0.000000, 1.000000;;
                          }
                        } // End of metarig_f_pinky_03_L
                      } // End of metarig_f_pinky_02_L
                    } // End of metarig_f_pinky_01_L
                  } // End of metarig_palm_04_L
                } // End of metarig_hand_L
              } // End of metarig_forearm_L
              Frame metarig_upper_arm_L_001 {
                FrameTransformMatrix {
                  -0.105417, 0.220621, 0.969646, 0.000000,
                  -0.745569, 0.627700,-0.223875, 0.000000,
                  -0.658038,-0.746538, 0.098318, 0.000000,
                  -0.000000, 0.273578,-0.000000, 1.000000;;
                }
              } // End of metarig_upper_arm_L_001
              Frame metarig_upper_arm_L_002 {
                FrameTransformMatrix {
                  -0.885035, 0.434203,-0.167869, 0.000000,
                   0.420601, 0.900380, 0.111402, 0.000000,
                   0.199517, 0.027989,-0.979495, 0.000000,
                  -0.000000, 0.273578,-0.000000, 1.000000;;
                }
              } // End of metarig_upper_arm_L_002
            } // End of metarig_upper_arm_L
          } // End of metarig_shoulder_L
          Frame metarig_shoulder_R {
            FrameTransformMatrix {
               0.438938, 0.089493,-0.894049, 0.000000,
              -0.879590, 0.245955,-0.407220, 0.000000,
               0.183453, 0.965141, 0.186676, 0.000000,
              -0.051338, 0.246090, 0.139962, 1.000000;;
            }
            Frame metarig_upper_arm_R {
              FrameTransformMatrix {
                -0.594974, 0.425302, 0.682001, 0.000000,
                -0.015166, 0.842437,-0.538582, 0.000000,
                -0.803602,-0.330785,-0.494777, 0.000000,
                -0.022467, 0.278211, 0.003147, 1.000000;;
              }
              Frame metarig_forearm_R {
                FrameTransformMatrix {
                   0.991949,-0.075225, 0.101872, 0.000000,
                   0.085593, 0.991142,-0.101546, 0.000000,
                  -0.093331, 0.109448, 0.989601, 0.000000,
                  -0.000000, 0.273578,-0.000000, 1.000000;;
                }
                Frame metarig_WeaponHandle {
                  FrameTransformMatrix {
                    -0.007759, 0.990599,-0.136577, 0.000000,
                     0.405757, 0.127951, 0.904980, 0.000000,
                     0.913948,-0.048395,-0.402936, 0.000000,
                    -0.000000, 0.354830, 0.000000, 1.000000;;
                  }
                  Frame metarig_WeaponForward1 {
                    FrameTransformMatrix {
                       0.000001, 1.000000,-0.000001, 0.000000,
                      -1.000000, 0.000001, 0.000014, 0.000000,
                       0.000014, 0.000000, 1.000000, 0.000000,
                      -0.000000, 0.863474, 0.000000, 1.000000;;
                    }
                  } // End of metarig_WeaponForward1
                  Frame metarig_WeaponForward2 {
                    FrameTransformMatrix {
                      -0.034997,-0.999387, 0.000001, 0.000000,
                       0.999387,-0.034997,-0.000014, 0.000000,
                       0.000014, 0.000000, 1.000000, 0.000000,
                      -0.000000, 0.863474, 0.000000, 1.000000;;
                    }
                  } // End of metarig_WeaponForward2
                } // End of metarig_WeaponHandle
                Frame metarig_forearm_R_001 {
                  FrameTransformMatrix {
                    -0.520438,-0.745833, 0.415786, 0.000000,
                    -0.501786,-0.126857,-0.855639, 0.000000,
                     0.690909,-0.653942,-0.308227, 0.000000,
                    -0.000000, 0.354830, 0.000000, 1.000000;;
                  }
                } // End of metarig_forearm_R_001
                Frame metarig_hand_R {
                  FrameTransformMatrix {
                    -0.084894, 0.007678, 0.996360, 0.000000,
                    -0.014730, 0.999851,-0.008960, 0.000000,
                    -0.996281,-0.015437,-0.084768, 0.000000,
                    -0.000000, 0.354830, 0.000000, 1.000000;;
                  }
                  Frame metarig_palm_01_R {
                    FrameTransformMatrix {
                       0.263557, 0.964633,-0.004563, 0.000000,
                       0.964601,-0.263497, 0.010706, 0.000000,
                       0.009125,-0.007224,-0.999932, 0.000000,
                       0.048306, 0.039749,-0.005258, 1.000000;;
                    }
                    Frame metarig_f_index_01_R {
                      FrameTransformMatrix {
                         0.173449, 0.976919,-0.124676, 0.000000,
                         0.972420,-0.149840, 0.178735, 0.000000,
                         0.155928,-0.152240,-0.975966, 0.000000,
                         0.069626, 0.000000, 0.000000, 1.000000;;
                      }
                      Frame metarig_f_index_02_R {
                        FrameTransformMatrix {
                           0.999848, 0.012692,-0.011985, 0.000000,
                          -0.010667, 0.987694, 0.156032, 0.000000,
                           0.013818,-0.155881, 0.987679, 0.000000,
                          -0.000000, 0.045049, 0.000000, 1.000000;;
                        }
                        Frame metarig_f_index_03_R {
                          FrameTransformMatrix {
                             0.997918, 0.063997,-0.007966, 0.000000,
                            -0.060538, 0.972159, 0.226366, 0.000000,
                             0.022231,-0.225412, 0.974010, 0.000000,
                             0.000000, 0.028218,-0.000000, 1.000000;;
                          }
                        } // End of metarig_f_index_03_R
                      } // End of metarig_f_index_02_R
                    } // End of metarig_f_index_01_R
                    Frame metarig_thumb_01_R {
                      FrameTransformMatrix {
                        -0.528673,-0.089073,-0.844140, 0.000000,
                         0.794871, 0.296953,-0.529150, 0.000000,
                         0.297803,-0.950729,-0.086190, 0.000000,
                        -0.016033, 0.025053,-0.024516, 1.000000;;
                      }
                      Frame metarig_thumb_02_R {
                        FrameTransformMatrix {
                           0.989124, 0.146642, 0.011431, 0.000000,
                          -0.142810, 0.938845, 0.313328, 0.000000,
                           0.035215,-0.311553, 0.949576, 0.000000,
                          -0.000000, 0.041745,-0.000000, 1.000000;;
                        }
                        Frame metarig_thumb_03_R {
                          FrameTransformMatrix {
                             0.996598, 0.082233, 0.005456, 0.000000,
                            -0.082368, 0.996072, 0.032493, 0.000000,
                            -0.002763,-0.032832, 0.999457, 0.000000,
                             0.000000, 0.033446,-0.000000, 1.000000;;
                          }
                        } // End of metarig_thumb_03_R
                      } // End of metarig_thumb_02_R
                    } // End of metarig_thumb_01_R
                  } // End of metarig_palm_01_R
                  Frame metarig_palm_02_R {
                    FrameTransformMatrix {
                       0.997847,-0.065047,-0.008376, 0.000000,
                       0.064858, 0.997670,-0.021166, 0.000000,
                       0.009733, 0.020577, 0.999741, 0.000000,
                       0.014005, 0.042079,-0.007700, 1.000000;;
                    }
                    Frame metarig_f_middle_01_R {
                      FrameTransformMatrix {
                         0.996432, 0.067498, 0.050672, 0.000000,
                        -0.063210, 0.994632,-0.081930, 0.000000,
                        -0.055931, 0.078434, 0.995349, 0.000000,
                         0.000000, 0.068187, 0.000000, 1.000000;;
                      }
                      Frame metarig_f_middle_02_R {
                        FrameTransformMatrix {
                           0.996837, 0.038205,-0.069689, 0.000000,
                          -0.020686, 0.971377, 0.236639, 0.000000,
                           0.076735,-0.234448, 0.969095, 0.000000,
                          -0.000000, 0.049549, 0.000000, 1.000000;;
                        }
                        Frame metarig_f_middle_03_R {
                          FrameTransformMatrix {
                             0.998511, 0.039458,-0.037673, 0.000000,
                            -0.034793, 0.992483, 0.117330, 0.000000,
                             0.042020,-0.115844, 0.992378, 0.000000,
                            -0.000000, 0.032191, 0.000000, 1.000000;;
                          }
                        } // End of metarig_f_middle_03_R
                      } // End of metarig_f_middle_02_R
                    } // End of metarig_f_middle_01_R
                  } // End of metarig_palm_02_R
                  Frame metarig_palm_03_R {
                    FrameTransformMatrix {
                       0.996831, 0.065254,-0.045488, 0.000000,
                      -0.067180, 0.996848,-0.042197, 0.000000,
                       0.042591, 0.045120, 0.998073, 0.000000,
                      -0.009295, 0.040047,-0.006947, 1.000000;;
                    }
                    Frame metarig_f_ring_01_R {
                      FrameTransformMatrix {
                         0.998752,-0.028396,-0.041083, 0.000000,
                         0.030751, 0.997850, 0.057873, 0.000000,
                         0.039351,-0.059064, 0.997478, 0.000000,
                        -0.000000, 0.069795, 0.000000, 1.000000;;
                      }
                      Frame metarig_f_ring_02_R {
                        FrameTransformMatrix {
                           0.998273, 0.044355,-0.038513, 0.000000,
                          -0.038168, 0.988146, 0.148694, 0.000000,
                           0.044652,-0.146967, 0.988133, 0.000000,
                           0.000000, 0.044816,-0.000000, 1.000000;;
                        }
                        Frame metarig_f_ring_03_R {
                          FrameTransformMatrix {
                             0.993883, 0.085277,-0.070172, 0.000000,
                            -0.059309, 0.948152, 0.312235, 0.000000,
                             0.093160,-0.306163, 0.947410, 0.000000,
                             0.000000, 0.031801,-0.000000, 1.000000;;
                          }
                        } // End of metarig_f_ring_03_R
                      } // End of metarig_f_ring_02_R
                    } // End of metarig_f_ring_01_R
                  } // End of metarig_palm_03_R
                  Frame metarig_palm_04_R {
                    FrameTransformMatrix {
                       0.981907, 0.188477,-0.018310, 0.000000,
                      -0.188532, 0.982066,-0.001268, 0.000000,
                       0.017742, 0.004697, 0.999831, 0.000000,
                      -0.024147, 0.035993,-0.004566, 1.000000;;
                    }
                    Frame metarig_f_pinky_01_R {
                      FrameTransformMatrix {
                         0.976377,-0.060031,-0.207566, 0.000000,
                         0.102376, 0.974487, 0.199736, 0.000000,
                         0.190280,-0.216268, 0.957612, 0.000000,
                         0.000000, 0.074802,-0.000000, 1.000000;;
                      }
                      Frame metarig_f_pinky_02_R {
                        FrameTransformMatrix {
                           0.999245, 0.033318,-0.019985, 0.000000,
                          -0.031452, 0.995680, 0.087358, 0.000000,
                           0.022809,-0.086663, 0.995977, 0.000000,
                           0.000000, 0.027877,-0.000000, 1.000000;;
                        }
                        Frame metarig_f_pinky_03_R {
                          FrameTransformMatrix {
                             0.999089, 0.032683,-0.027446, 0.000000,
                            -0.027470, 0.984620, 0.172535, 0.000000,
                             0.032663,-0.171624, 0.984621, 0.000000,
                            -0.000000, 0.022592,-0.000000, 1.000000;;
                          }
                        } // End of metarig_f_pinky_03_R
                      } // End of metarig_f_pinky_02_R
                    } // End of metarig_f_pinky_01_R
                  } // End of metarig_palm_04_R
                } // End of metarig_hand_R
              } // End of metarig_forearm_R
              Frame metarig_upper_arm_R_001 {
                FrameTransformMatrix {
                  -0.122720,-0.212540,-0.969416, 0.000000,
                   0.670999, 0.701938,-0.238839, 0.000000,
                   0.731232,-0.679787, 0.056472, 0.000000,
                  -0.000000, 0.273578,-0.000000, 1.000000;;
                }
              } // End of metarig_upper_arm_R_001
              Frame metarig_upper_arm_R_002 {
                FrameTransformMatrix {
                  -0.812557,-0.536212, 0.228536, 0.000000,
                  -0.527335, 0.843305, 0.103707, 0.000000,
                  -0.248334,-0.036247,-0.967996, 0.000000,
                  -0.000000, 0.273578,-0.000000, 1.000000;;
                }
              } // End of metarig_upper_arm_R_002
            } // End of metarig_upper_arm_R
          } // End of metarig_shoulder_R
        } // End of metarig_chest
      } // End of metarig_spine
      Frame metarig_thigh_L {
        FrameTransformMatrix {
           0.976233, 0.187410,-0.108820, 0.000000,
           0.205759,-0.643914, 0.736909, 0.000000,
           0.068032,-0.741789,-0.667172, 0.000000,
           0.119317, 0.152351, 0.131903, 1.000000;;
        }
        Frame metarig_shin_L {
          FrameTransformMatrix {
             0.992809, 0.117297,-0.023913, 0.000000,
            -0.091276, 0.870984, 0.482758, 0.000000,
             0.077454,-0.477104, 0.875427, 0.000000,
            -0.000000, 0.448255, 0.000000, 1.000000;;
          }
          Frame metarig_foot_L {
            FrameTransformMatrix {
               0.990647,-0.064765, 0.120099, 0.000000,
               0.123594, 0.798860,-0.588682, 0.000000,
              -0.057816, 0.598020, 0.799393, 0.000000,
               0.000000, 0.263270, 0.000000, 1.000000;;
            }
            Frame metarig_toe_L {
              FrameTransformMatrix {
                 0.550370,-0.588951,-0.591802, 0.000000,
                -0.116231, 0.647863,-0.752837, 0.000000,
                 0.826791, 0.483124, 0.288110, 0.000000,
                 0.000000, 0.210975, 0.000000, 1.000000;;
              }
            } // End of metarig_toe_L
          } // End of metarig_foot_L
          Frame metarig_heel_L {
            FrameTransformMatrix {
              -0.994831,-0.082164,-0.059661, 0.000000,
              -0.095904, 0.953340, 0.286261, 0.000000,
               0.033357, 0.290503,-0.956292, 0.000000,
               0.000000, 0.263270, 0.000000, 1.000000;;
            }
            Frame metarig_heel_02_L {
              FrameTransformMatrix {
                 0.057672,-0.535446, 0.842598, 0.000000,
                -0.997968,-0.053816, 0.034108, 0.000000,
                 0.027083,-0.842853,-0.537462, 0.000000,
                 0.026955, 0.116559, 0.043069, 1.000000;;
              }
            } // End of metarig_heel_02_L
          } // End of metarig_heel_L
        } // End of metarig_shin_L
      } // End of metarig_thigh_L
      Frame metarig_thigh_R {
        FrameTransformMatrix {
