xof 0303txt 0032

template XSkinMeshHeader {
  <3cf169ce-ff7c-44ab-93c0-f78f62d172e2>
  WORD nMaxSkinWeightsPerVertex;
  WORD nMaxSkinWeightsPerFace;
  WORD nBones;
}

template SkinWeights {
  <6f0d123b-bad2-4167-a0d0-80224f25fabb>
  STRING transformNodeName;
  DWORD nWeights;
  array DWORD vertexIndices[nWeights];
  array float weights[nWeights];
  Matrix4x4 matrixOffset;
}

Frame Root {
  FrameTransformMatrix {
     1.000000, 0.000000, 0.000000, 0.000000,
     0.000000,-0.000000, 1.000000, 0.000000,
     0.000000, 1.000000, 0.000000, 0.000000,
     0.000000, 0.000000, 0.000000, 1.000000;;
  }
  Frame metarig {
    FrameTransformMatrix {
       1.000000, 0.000000, 0.000000, 0.000000,
       0.000000, 1.000000, 0.000000, 0.000000,
       0.000000, 0.000000, 1.000000, 0.000000,
       0.000000, 0.000000, 0.000000, 1.000000;;
    }
    Frame metarig_hips {
      FrameTransformMatrix {
        -1.000000, 0.000000, 0.000000, 0.000000,
         0.000000, 0.213596, 0.976922, 0.000000,
         0.000000, 0.976922,-0.213596, 0.000000,
        -0.000000,-0.200781, 0.653984, 1.000000;;
      }
      Frame metarig_spine {
        FrameTransformMatrix {
           0.984129,-0.004629,-0.177395, 0.000000,
           0.018297, 0.996979, 0.075486, 0.000000,
           0.176509,-0.077534, 0.981240, 0.000000,
          -0.000000, 0.187492,-0.000000, 1.000000;;
        }
        Frame metarig_chest {
          FrameTransformMatrix {
             0.405162,-0.158833, 0.900342, 0.000000,
             0.025301, 0.986363, 0.162623, 0.000000,
            -0.913895,-0.043109, 0.403655, 0.000000,
            -0.000000, 0.221830,-0.000000, 1.000000;;
          }
          Frame metarig_chest_001 {
            FrameTransformMatrix {
              -1.000000, 0.000000,-0.000000, 0.000000,
              -0.000000,-0.604125, 0.796889, 0.000000,
               0.000000, 0.796889, 0.604126, 0.000000,
              -0.000000, 0.250140, 0.000000, 1.000000;;
            }
          } // End of metarig_chest_001
          Frame metarig_neck {
            FrameTransformMatrix {
               0.868909, 0.007065,-0.494921, 0.000000,
               0.122400, 0.965777, 0.228679, 0.000000,
               0.479599,-0.259280, 0.838308, 0.000000,
               0.000000, 0.278970, 0.000000, 1.000000;;
            }
            Frame metarig_head {
              FrameTransformMatrix {
                 1.000000, 0.000000, 0.000000, 0.000000,
                 0.000000, 0.959589,-0.281406, 0.000000,
                -0.000000, 0.281406, 0.959589, 0.000000,
                -0.000000, 0.126698,-0.000000, 1.000000;;
              }
              Frame metarig_head_001_L {
                FrameTransformMatrix {
                   0.406995,-0.304574,-0.861156, 0.000000,
                  -0.666557, 0.545576,-0.507984, 0.000000,
                   0.624545, 0.780756, 0.019031, 0.000000,
                   0.000000, 0.743066, 0.200384, 1.000000;;
                }
                Frame metarig_head_001_L_001 {
                  FrameTransformMatrix {
                     0.766176,-0.582666, 0.271063, 0.000000,
                     0.500195, 0.275892,-0.820785, 0.000000,
                     0.403459, 0.764450, 0.502828, 0.000000,
                    -0.000000, 0.533367, 0.000000, 1.000000;;
                  }
                  Frame metarig_head_001_L_002 {
                    FrameTransformMatrix {
                       0.746902,-0.650801, 0.136361, 0.000000,
                       0.074974, 0.286194, 0.955234, 0.000000,
                      -0.660693,-0.703242, 0.262552, 0.000000,
                       0.000000, 0.356088, 0.000000, 1.000000;;
                    }
                  } // End of metarig_head_001_L_002
                } // End of metarig_head_001_L_001
              } // End of metarig_head_001_L
              Frame metarig_head_001_R {
                FrameTransformMatrix {
                   0.406996, 0.304573, 0.861156, 0.000000,
                   0.666557, 0.545576,-0.507984, 0.000000,
                  -0.624544, 0.780758, 0.019032, 0.000000,
                   0.000000, 0.743066, 0.200384, 1.000000;;
                }
                Frame metarig_head_001_R_001 {
                  FrameTransformMatrix {
                     0.766176, 0.582665,-0.271062, 0.000000,
                    -0.500194, 0.275892,-0.820786, 0.000000,
                    -0.403460, 0.764450, 0.502828, 0.000000,
                    -0.000000, 0.533367,-0.000000, 1.000000;;
                  }
                  Frame metarig_head_001_R_002 {
                    FrameTransformMatrix {
                       0.746902, 0.650802,-0.136360, 0.000000,
                      -0.074975, 0.286193, 0.955234, 0.000000,
                       0.660693,-0.703243, 0.262553, 0.000000,
                       0.000000, 0.356088,-0.000000, 1.000000;;
                    }
                  } // End of metarig_head_001_R_002
                } // End of metarig_head_001_R_001
              } // End of metarig_head_001_R
              Frame metarig_head_L {
                FrameTransformMatrix {
                   0.725808, 0.027993, 0.687328, 0.000000,
                   0.595448,-0.525877,-0.607367, 0.000000,
                   0.344448, 0.850100,-0.398354, 0.000000,
                   0.000000, 0.374344,-0.000000, 1.000000;;
                }
                Frame metarig_head_L_001 {
                  FrameTransformMatrix {
                    -0.772787,-0.459207,-0.438096, 0.000000,
                    -0.216895, 0.839805,-0.497679, 0.000000,
                     0.596453,-0.289579,-0.748591, 0.000000,
                    -0.000000, 0.687261,-0.000000, 1.000000;;
                  }
                  Frame metarig_head_L_002 {
                    FrameTransformMatrix {
                       0.994082, 0.102788, 0.035156, 0.000000,
                      -0.106488, 0.986013, 0.128216, 0.000000,
                      -0.021486,-0.131201, 0.991123, 0.000000,
                      -0.000000, 0.624317,-0.000000, 1.000000;;
                    }
                  } // End of metarig_head_L_002
                } // End of metarig_head_L_001
              } // End of metarig_head_L
              Frame metarig_head_L_003 {
                FrameTransformMatrix {
                  -0.792220, 0.118446, 0.598630, 0.000000,
                   0.332536,-0.738741, 0.586243, 0.000000,
                   0.511670, 0.663500, 0.545859, 0.000000,
                  -0.000000, 0.374344,-0.000000, 1.000000;;
                }
              } // End of metarig_head_L_003
              Frame metarig_head_R {
                FrameTransformMatrix {
                   0.725807,-0.027992,-0.687329, 0.000000,
                  -0.595449,-0.525877,-0.607367, 0.000000,
                  -0.344449, 0.850100,-0.398353, 0.000000,
                  -0.000000, 0.374344,-0.000000, 1.000000;;
                }
                Frame metarig_head_R_001 {
                  FrameTransformMatrix {
                    -0.772787, 0.459207, 0.438096, 0.000000,
                     0.216894, 0.839805,-0.497679, 0.000000,
                    -0.596453,-0.289580,-0.748590, 0.000000,
                    -0.000000, 0.687261, 0.000000, 1.000000;;
                  }
                  Frame metarig_head_R_002 {
                    FrameTransformMatrix {
                       0.994082,-0.102789,-0.035159, 0.000000,
                       0.106490, 0.986013, 0.128215, 0.000000,
                       0.021488,-0.131201, 0.991123, 0.000000,
                       0.000000, 0.624317, 0.000000, 1.000000;;
                    }
                  } // End of metarig_head_R_002
                } // End of metarig_head_R_001
              } // End of metarig_head_R
              Frame metarig_head_R_003 {
                FrameTransformMatrix {
                  -0.792223,-0.118444,-0.598627, 0.000000,
                  -0.332533,-0.738743, 0.586242, 0.000000,
                  -0.511669, 0.663497, 0.545862, 0.000000,
                   0.000000, 0.374343,-0.000000, 1.000000;;
                }
              } // End of metarig_head_R_003
            } // End of metarig_head
          } // End of metarig_neck
          Frame metarig_shoulder_L {
            FrameTransformMatrix {
               0.349641,-0.032526, 0.936319, 0.000000,
               0.936875, 0.007853,-0.349576, 0.000000,
               0.004017, 0.999440, 0.033218, 0.000000,
               0.019286, 0.220120, 0.082105, 1.000000;;
            }
            Frame metarig_upper_arm_L {
              FrameTransformMatrix {
                -0.530291,-0.313484,-0.787731, 0.000000,
                 0.844290,-0.279909,-0.456974, 0.000000,
                -0.077239,-0.907402, 0.413105, 0.000000,
                 0.008213, 0.211607,-0.020728, 1.000000;;
              }
              Frame metarig_forearm_L {
                FrameTransformMatrix {
                   0.943269, 0.160304,-0.290768, 0.000000,
                   0.269936, 0.139677, 0.952693, 0.000000,
                   0.193334,-0.977135, 0.088481, 0.000000,
                  -0.000000, 0.304056,-0.000000, 1.000000;;
                }
                Frame metarig_hand_L {
                  FrameTransformMatrix {
                    -0.009378,-0.049837,-0.998714, 0.000000,
                     0.056120, 0.997157,-0.050286, 0.000000,
                     0.998380,-0.056519,-0.006554, 0.000000,
                     0.000000, 0.276998,-0.000000, 1.000000;;
                  }
                  Frame metarig_palm_01_L {
                    FrameTransformMatrix {
                       0.964601, 0.263495,-0.010705, 0.000000,
                      -0.263555, 0.964634,-0.004555, 0.000000,
                       0.009126, 0.007215, 0.999932, 0.000000,
                      -0.050909, 0.041890,-0.005542, 1.000000;;
                    }
                    Frame metarig_f_index_01_L {
                      FrameTransformMatrix {
                         0.976467,-0.175462,-0.125399, 0.000000,
                         0.151743, 0.972143,-0.178642, 0.000000,
                         0.153251, 0.155410, 0.975890, 0.000000,
                        -0.000000, 0.073378, 0.000000, 1.000000;;
                      }
                      Frame metarig_f_index_02_L {
                        FrameTransformMatrix {
                           0.999897,-0.007037, 0.012561, 0.000000,
                           0.005002, 0.987864, 0.155240, 0.000000,
                          -0.013501,-0.155161, 0.987797, 0.000000,
                          -0.000000, 0.047466, 0.000000, 1.000000;;
                        }
                        Frame metarig_f_index_03_L {
                          FrameTransformMatrix {
                             0.997688,-0.067498, 0.007891, 0.000000,
                             0.063956, 0.971847, 0.226765, 0.000000,
                            -0.022975,-0.225736, 0.973917, 0.000000,
                             0.000000, 0.029744,-0.000000, 1.000000;;
                          }
                        } // End of metarig_f_index_03_L
                      } // End of metarig_f_index_02_L
                    } // End of metarig_f_index_01_L
                    Frame metarig_thumb_01_L {
                      FrameTransformMatrix {
                        -0.089068, 0.528675,-0.844138, 0.000000,
                        -0.296951, 0.794870, 0.529151, 0.000000,
                         0.950730, 0.297799, 0.086193, 0.000000,
                        -0.026403,-0.016897, 0.025838, 1.000000;;
                      }
                      Frame metarig_thumb_02_L {
                        FrameTransformMatrix {
                           0.989122,-0.146652,-0.011447, 0.000000,
                           0.142823, 0.938842, 0.313331, 0.000000,
                          -0.035204,-0.311558, 0.949575, 0.000000,
                           0.000000, 0.043994,-0.000000, 1.000000;;
                        }
                        Frame metarig_thumb_03_L {
                          FrameTransformMatrix {
                             0.996600,-0.082213,-0.005448, 0.000000,
                             0.082348, 0.996074, 0.032491, 0.000000,
                             0.002756,-0.032830, 0.999457, 0.000000,
                            -0.000000, 0.035248, 0.000000, 1.000000;;
                          }
                        } // End of metarig_thumb_03_L
                      } // End of metarig_thumb_02_L
                    } // End of metarig_thumb_01_L
                  } // End of metarig_palm_01_L
                  Frame metarig_palm_02_L {
                    FrameTransformMatrix {
                       0.997847, 0.065045, 0.008375, 0.000000,
                      -0.064856, 0.997670,-0.021157, 0.000000,
                      -0.009731, 0.020568, 0.999741, 0.000000,
                      -0.014760, 0.044347,-0.008115, 1.000000;;
                    }
                    Frame metarig_f_middle_01_L {
                      FrameTransformMatrix {
                         0.996263,-0.069309,-0.051535, 0.000000,
                         0.064952, 0.994523,-0.081883, 0.000000,
                         0.056928, 0.078230, 0.995309, 0.000000,
                         0.000000, 0.071861,-0.000000, 1.000000;;
                      }
                      Frame metarig_f_middle_02_L {
                        FrameTransformMatrix {
                           0.996960,-0.033197, 0.070481, 0.000000,
                           0.015649, 0.971564, 0.236258, 0.000000,
                          -0.076320,-0.234437, 0.969131, 0.000000,
                           0.000000, 0.052210,-0.000000, 1.000000;;
                        }
                        Frame metarig_f_middle_03_L {
                          FrameTransformMatrix {
                             0.998385,-0.042551, 0.037631, 0.000000,
                             0.037872, 0.992371, 0.117328, 0.000000,
                            -0.042337,-0.115713, 0.992380, 0.000000,
                            -0.000000, 0.033931,-0.000000, 1.000000;;
                          }
                        } // End of metarig_f_middle_03_L
                      } // End of metarig_f_middle_02_L
                    } // End of metarig_f_middle_01_L
                  } // End of metarig_palm_02_L
                  Frame metarig_palm_03_L {
                    FrameTransformMatrix {
                       0.996926,-0.063829, 0.045426, 0.000000,
                       0.065753, 0.996943,-0.042201, 0.000000,
                      -0.042594, 0.045058, 0.998076, 0.000000,
                       0.009901, 0.042194,-0.007321, 1.000000;;
                    }
                    Frame metarig_f_ring_01_L {
                      FrameTransformMatrix {
                         0.998792, 0.026968, 0.041076, 0.000000,
                        -0.029321, 0.997897, 0.057807, 0.000000,
                        -0.039430,-0.058941, 0.997482, 0.000000,
                        -0.000000, 0.073558, 0.000000, 1.000000;;
                      }
                      Frame metarig_f_ring_02_L {
                        FrameTransformMatrix {
                           0.998273,-0.044353, 0.038525, 0.000000,
                           0.038163, 0.988141, 0.148729, 0.000000,
                          -0.044665,-0.147002, 0.988127, 0.000000,
                           0.000000, 0.047231, 0.000000, 1.000000;;
                        }
                        Frame metarig_f_ring_03_L {
                          FrameTransformMatrix {
                             0.993889,-0.085255, 0.070111, 0.000000,
                             0.059314, 0.948178, 0.312154, 0.000000,
                            -0.093091,-0.306088, 0.947441, 0.000000,
                             0.000000, 0.033515,-0.000000, 1.000000;;
                          }
                        } // End of metarig_f_ring_03_L
                      } // End of metarig_f_ring_02_L
                    } // End of metarig_f_ring_01_L
                  } // End of metarig_palm_03_L
                  Frame metarig_palm_04_L {
                    FrameTransformMatrix {
                       0.981906,-0.188480, 0.018307, 0.000000,
                       0.188534, 0.982066,-0.001262, 0.000000,
                      -0.017741, 0.004691, 0.999831, 0.000000,
                       0.025449, 0.037932,-0.004812, 1.000000;;
                    }
                    Frame metarig_f_pinky_01_L {
                      FrameTransformMatrix {
                         0.976381, 0.060049, 0.207542, 0.000000,
                        -0.102379, 0.974497, 0.199686, 0.000000,
                        -0.190258,-0.216217, 0.957628, 0.000000,
                        -0.000000, 0.078833,-0.000000, 1.000000;;
                      }
                      Frame metarig_f_pinky_02_L {
                        FrameTransformMatrix {
                           0.999243,-0.033344, 0.020057, 0.000000,
                           0.031470, 0.995675, 0.087417, 0.000000,
                          -0.022885,-0.086720, 0.995971, 0.000000,
                           0.000000, 0.029378, 0.000000, 1.000000;;
                        }
                        Frame metarig_f_pinky_03_L {
                          FrameTransformMatrix {
                             0.999090,-0.032676, 0.027419, 0.000000,
                             0.027466, 0.984614, 0.172572, 0.000000,
                            -0.032636,-0.171661, 0.984615, 0.000000,
                            -0.000000, 0.023810,-0.000000, 1.000000;;
                          }
                        } // End of metarig_f_pinky_03_L
                      } // End of metarig_f_pinky_02_L
                    } // End of metarig_f_pinky_01_L
                  } // End of metarig_palm_04_L
                } // End of metarig_hand_L
              } // End of metarig_forearm_L
            } // End of metarig_upper_arm_L
          } // End of metarig_shoulder_L
          Frame metarig_shoulder_R {
            FrameTransformMatrix {
               0.495805, 0.097758,-0.862914, 0.000000,
              -0.845541,-0.172307,-0.505343, 0.000000,
              -0.198087, 0.980181,-0.002773, 0.000000,
              -0.019286, 0.220120, 0.082105, 1.000000;;
            }
            Frame metarig_upper_arm_R {
              FrameTransformMatrix {
                 0.385905, 0.490947, 0.781056, 0.000000,
                 0.380228, 0.686741,-0.619527, 0.000000,
                -0.840538, 0.536058, 0.078345, 0.000000,
                -0.008210, 0.211611,-0.022240, 1.000000;;
              }
              Frame metarig_forearm_R {
                FrameTransformMatrix {
                   0.836268,-0.440720, 0.326220, 0.000000,
                   0.439187, 0.894580, 0.082710, 0.000000,
                  -0.328282, 0.074104, 0.941668, 0.000000,
                   0.000000, 0.304056, 0.000000, 1.000000;;
                }
                Frame metarig_forearm_R_002 {
                  FrameTransformMatrix {
                     0.350567,-0.924660, 0.148684, 0.000000,
                    -0.095514, 0.122632, 0.987845, 0.000000,
                    -0.931655,-0.360507,-0.045328, 0.000000,
                     0.000000, 0.276998,-0.000000, 1.000000;;
                  }
                  Frame metarig_forearm_R_003 {
                    FrameTransformMatrix {
                      -0.003661, 0.999904,-0.013342, 0.000000,
                      -0.995542,-0.004902,-0.094196, 0.000000,
                      -0.094252, 0.012938, 0.995464, 0.000000,
                      -0.000000, 1.100000,-0.000000, 1.000000;;
                    }
                  } // End of metarig_forearm_R_003
                  Frame metarig_forearm_R_004 {
                    FrameTransformMatrix {
                       0.000000,-1.000000, 0.000000, 0.000000,
                       1.000000,-0.000000,-0.000000, 0.000000,
                      -0.000000, 0.000000, 1.000000, 0.000000,
                      -0.000000, 1.100000,-0.000000, 1.000000;;
                    }
                  } // End of metarig_forearm_R_004
                } // End of metarig_forearm_R_002
                Frame metarig_hand_R {
                  FrameTransformMatrix {
                    -0.009375, 0.049840, 0.998713, 0.000000,
                    -0.056125, 0.997156,-0.050290, 0.000000,
                    -0.998380,-0.056525,-0.006551, 0.000000,
                     0.000000, 0.276998,-0.000000, 1.000000;;
                  }
                  Frame metarig_palm_01_R {
                    FrameTransformMatrix {
                       0.964601,-0.263498, 0.010709, 0.000000,
                       0.263557, 0.964633,-0.004561, 0.000000,
                      -0.009129, 0.007222, 0.999932, 0.000000,
                       0.050909, 0.041890,-0.005541, 1.000000;;
                    }
                    Frame metarig_f_index_01_R {
                      FrameTransformMatrix {
                         0.976919, 0.173449, 0.124675, 0.000000,
                        -0.149840, 0.972421,-0.178735, 0.000000,
                        -0.152238, 0.155928, 0.975966, 0.000000,
                        -0.000309, 0.075384,-0.000369, 1.000000;;
                      }
                      Frame metarig_f_index_02_R {
                        FrameTransformMatrix {
                           0.999703, 0.013122,-0.020548, 0.000000,
                          -0.009984, 0.989233, 0.146011, 0.000000,
                           0.022242,-0.145762, 0.989070, 0.000000,
                           0.000000, 0.043349,-0.000000, 1.000000;;
                        }
                        Frame metarig_f_index_03_R {
                          FrameTransformMatrix {
                             0.997891, 0.064900, 0.001197, 0.000000,
                            -0.063353, 0.969767, 0.235666, 0.000000,
                             0.014133,-0.235245, 0.971833, 0.000000,
                             0.000000, 0.031778, 0.000000, 1.000000;;
                          }
                        } // End of metarig_f_index_03_R
                      } // End of metarig_f_index_02_R
                    } // End of metarig_f_index_01_R
                    Frame metarig_thumb_01_R {
                      FrameTransformMatrix {
                        -0.089073,-0.528671, 0.844141, 0.000000,
                         0.296951, 0.794872, 0.529148, 0.000000,
                        -0.950729, 0.297801, 0.086188, 0.000000,
                         0.026403,-0.016897, 0.025837, 1.000000;;
                      }
                      Frame metarig_thumb_02_R {
                        FrameTransformMatrix {
                           0.989123, 0.146644, 0.011428, 0.000000,
                          -0.142811, 0.938845, 0.313329, 0.000000,
                           0.035219,-0.311553, 0.949576, 0.000000,
                          -0.000000, 0.043994,-0.000000, 1.000000;;
                        }
                        Frame metarig_thumb_03_R {
                          FrameTransformMatrix {
                             0.996596, 0.082260, 0.005440, 0.000000,
                            -0.082394, 0.996070, 0.032495, 0.000000,
                            -0.002746,-0.032832, 0.999457, 0.000000,
                             0.000000, 0.035249,-0.000000, 1.000000;;
                          }
                        } // End of metarig_thumb_03_R
                      } // End of metarig_thumb_02_R
                    } // End of metarig_thumb_01_R
                  } // End of metarig_palm_01_R
                  Frame metarig_palm_02_R {
                    FrameTransformMatrix {
                       0.997847,-0.065048,-0.008372, 0.000000,
                       0.064859, 0.997670,-0.021164, 0.000000,
                       0.009729, 0.020576, 0.999741, 0.000000,
                       0.014760, 0.044346,-0.008115, 1.000000;;
                    }
                    Frame metarig_f_middle_01_R {
                      FrameTransformMatrix {
                         0.996432, 0.067498, 0.050679, 0.000000,
                        -0.063208, 0.994630,-0.081943, 0.000000,
                        -0.055938, 0.078447, 0.995347, 0.000000,
                         0.000000, 0.071861,-0.000000, 1.000000;;
                      }
                      Frame metarig_f_middle_02_R {
                        FrameTransformMatrix {
                           0.996837, 0.038208,-0.069689, 0.000000,
                          -0.020686, 0.971369, 0.236672, 0.000000,
                           0.076736,-0.234481, 0.969087, 0.000000,
                           0.000000, 0.052219,-0.000000, 1.000000;;
                        }
                        Frame metarig_f_middle_03_R {
                          FrameTransformMatrix {
                             0.998510, 0.039459,-0.037696, 0.000000,
                            -0.034792, 0.992486, 0.117306, 0.000000,
                             0.042041,-0.115820, 0.992380, 0.000000,
                             0.000000, 0.033925,-0.000000, 1.000000;;
                          }
                        } // End of metarig_f_middle_03_R
                      } // End of metarig_f_middle_02_R
                    } // End of metarig_f_middle_01_R
                  } // End of metarig_palm_02_R
                  Frame metarig_palm_03_R {
                    FrameTransformMatrix {
                       0.996832, 0.065253,-0.045484, 0.000000,
                      -0.067180, 0.996848,-0.042196, 0.000000,
                       0.042587, 0.045118, 0.998074, 0.000000,
                      -0.009796, 0.042204,-0.007321, 1.000000;;
                    }
                    Frame metarig_f_ring_01_R {
                      FrameTransformMatrix {
                         0.998753,-0.028395,-0.041065, 0.000000,
                         0.030749, 0.997850, 0.057875, 0.000000,
                         0.039334,-0.059065, 0.997479, 0.000000,
                         0.000000, 0.073555, 0.000000, 1.000000;;
                      }
                      Frame metarig_f_ring_02_R {
                        FrameTransformMatrix {
                           0.998272, 0.044351,-0.038538, 0.000000,
                          -0.038161, 0.988148, 0.148686, 0.000000,
                           0.044675,-0.146958, 0.988133, 0.000000,
                           0.000000, 0.047231, 0.000000, 1.000000;;
                        }
                        Frame metarig_f_ring_03_R {
                          FrameTransformMatrix {
                             0.993882, 0.085282,-0.070174, 0.000000,
                            -0.059312, 0.948151, 0.312237, 0.000000,
                             0.093163,-0.306165, 0.947408, 0.000000,
                             0.000000, 0.033514,-0.000000, 1.000000;;
                          }
                        } // End of metarig_f_ring_03_R
                      } // End of metarig_f_ring_02_R
                    } // End of metarig_f_ring_01_R
                  } // End of metarig_palm_03_R
                  Frame metarig_palm_04_R {
                    FrameTransformMatrix {
                       0.981907, 0.188478,-0.018306, 0.000000,
                      -0.188532, 0.982067,-0.001269, 0.000000,
                       0.017739, 0.004697, 0.999831, 0.000000,
                      -0.025449, 0.037932,-0.004812, 1.000000;;
                    }
                    Frame metarig_f_pinky_01_R {
                      FrameTransformMatrix {
                         0.976382,-0.060036,-0.207541, 0.000000,
                         0.102378, 0.974485, 0.199748, 0.000000,
                         0.190253,-0.216277, 0.957616, 0.000000,
                         0.000000, 0.078833,-0.000000, 1.000000;;
                      }
                      Frame metarig_f_pinky_02_R {
                        FrameTransformMatrix {
                           0.999244, 0.033321,-0.020053, 0.000000,
                          -0.031450, 0.995683, 0.087332, 0.000000,
                           0.022877,-0.086636, 0.995977, 0.000000,
                           0.000000, 0.029379,-0.000000, 1.000000;;
                        }
                        Frame metarig_f_pinky_03_R {
                          FrameTransformMatrix {
                             0.999092, 0.032670,-0.027366, 0.000000,
                            -0.027469, 0.984608, 0.172602, 0.000000,
                             0.032584,-0.171693, 0.984612, 0.000000,
                             0.000000, 0.023810, 0.000000, 1.000000;;
                          }
                        } // End of metarig_f_pinky_03_R
                      } // End of metarig_f_pinky_02_R
                    } // End of metarig_f_pinky_01_R
                  } // End of metarig_palm_04_R
                } // End of metarig_hand_R
              } // End of metarig_forearm_R
            } // End of metarig_upper_arm_R
          } // End of metarig_shoulder_R
        } // End of metarig_chest
      } // End of metarig_spine
      Frame metarig_thigh_L {
        FrameTransformMatrix {
           0.977687, 0.202717,-0.055073, 0.000000,
           0.172424,-0.624670, 0.761614, 0.000000,
           0.119990,-0.754117,-0.645685, 0.000000,
           0.125746, 0.145801, 0.072237, 1.000000;;
        }
        Frame metarig_shin_L {
          FrameTransformMatrix {
             0.997128,-0.059268,-0.047140, 0.000000,
             0.074825, 0.866981, 0.492692, 0.000000,
             0.011669,-0.494805, 0.868926, 0.000000,
            -0.000000, 0.472409, 0.000000, 1.000000;;
          }
          Frame metarig_foot_L {
            FrameTransformMatrix {
               0.990647,-0.064765, 0.120099, 0.000000,
               0.123594, 0.798860,-0.588682, 0.000000,
              -0.057817, 0.598020, 0.799393, 0.000000,
              -0.000000, 0.277456,-0.000000, 1.000000;;
            }
            Frame metarig_toe_L {
              FrameTransformMatrix {
                -0.988519,-0.149132, 0.024277, 0.000000,
                -0.116229, 0.647868,-0.752833, 0.000000,
                 0.096543,-0.747012,-0.657763, 0.000000,
                 0.000000, 0.222343,-0.000000, 1.000000;;
              }
            } // End of metarig_toe_L
          } // End of metarig_foot_L
          Frame metarig_heel_L {
            FrameTransformMatrix {
              -0.994832,-0.082161,-0.059658, 0.000000,
              -0.095901, 0.953340, 0.286264, 0.000000,
               0.033354, 0.290506,-0.956292, 0.000000,
              -0.000000, 0.277456,-0.000000, 1.000000;;
            }
            Frame metarig_heel_02_L {
              FrameTransformMatrix {
                 0.057673,-0.535446, 0.842598, 0.000000,
                -0.997968,-0.053817, 0.034109, 0.000000,
                 0.027082,-0.842853,-0.537462, 0.000000,
                 0.028407, 0.122840, 0.045390, 1.000000;;
              }
            } // End of metarig_heel_02_L
          } // End of metarig_heel_L
        } // End of metarig_shin_L
      } // End of metarig_thigh_L
      Frame metarig_thigh_R {
        FrameTransformMatrix {
           0.964291,-0.253659, 0.076147, 0.000000,
          -0.235621,-0.952957,-0.190667, 0.000000,
           0.120929, 0.165916,-0.978697, 0.000000,
          -0.125746, 0.138762, 0.076047, 1.000000;;
        }
        Frame metarig_shin_R {
          FrameTransformMatrix {
             0.982226,-0.146904, 0.116832, 0.000000,
             0.109623, 0.954236, 0.278236, 0.000000,
            -0.152360,-0.260483, 0.953381, 0.000000,
            -0.000000, 0.469996, 0.000000, 1.000000;;
          }
          Frame metarig_foot_R {
            FrameTransformMatrix {
               0.986006, 0.091782,-0.139166, 0.000000,
              -0.156753, 0.794578,-0.586578, 0.000000,
               0.056741, 0.600185, 0.797846, 0.000000,
               0.000000, 0.269464, 0.000000, 1.000000;;
            }
            Frame metarig_toe_R {
              FrameTransformMatrix {
                -0.983538, 0.178932,-0.025225, 0.000000,
                 0.135946, 0.640732,-0.755633, 0.000000,
                -0.119045,-0.746623,-0.654510, 0.000000,
                -0.000000, 0.227176, 0.000000, 1.000000;;
              }
            } // End of metarig_toe_R
          } // End of metarig_foot_R
          Frame metarig_heel_R {
            FrameTransformMatrix {
              -0.997674, 0.054570, 0.040847, 0.000000,
               0.063519, 0.961694, 0.266662, 0.000000,
              -0.024730, 0.268637,-0.962924, 0.000000,
               0.000000, 0.269464, 0.000000, 1.000000;;
            }
            Frame metarig_heel_02_R {
              FrameTransformMatrix {
                 0.032885, 0.523947,-0.851116, 0.000000,
                 0.999417,-0.024969, 0.023243, 0.000000,
                -0.009073,-0.851385,-0.524463, 0.000000,
                -0.030952, 0.141828, 0.052769, 1.000000;;
              }
            } // End of metarig_heel_02_R
          } // End of metarig_heel_R
        } // End of metarig_shin_R
      } // End of metarig_thigh_R
    } // End of metarig_hips
  } // End of metarig
} // End of Root
AnimationSet metarigAction {
  Animation {
    {metarig}
    AnimationKey { // Rotation
      0;
      61;
      0;4;-1.000000, 0.000000, 0.000000, 0.000000;;,
      1;4;-1.000000, 0.000000, 0.000000, 0.000000;;,
      2;4;-1.000000, 0.000000, 0.000000, 0.000000;;,
      3;4;-1.000000, 0.000000, 0.000000, 0.000000;;,
      4;4;-1.000000, 0.000000, 0.000000, 0.000000;;,
      5;4;-1.000000, 0.000000, 0.000000, 0.000000;;,
      6;4;-1.000000, 0.000000, 0.000000, 0.000000;;,
      7;4;-1.000000, 0.000000, 0.000000, 0.000000;;,
      8;4;-1.000000, 0.000000, 0.000000, 0.000000;;,
      9;4;-1.000000, 0.000000, 0.000000, 0.000000;;,
      10;4;-1.000000, 0.000000, 0.000000, 0.000000;;,
      11;4;-1.000000, 0.000000, 0.000000, 0.000000;;,
      12;4;-1.000000, 0.000000, 0.000000, 0.000000;;,
      13;4;-1.000000, 0.000000, 0.000000, 0.000000;;,
      14;4;-1.000000, 0.000000, 0.000000, 0.000000;;,
      15;4;-1.000000, 0.000000, 0.000000, 0.000000;;,
      16;4;-1.000000, 0.000000, 0.000000, 0.000000;;,
      17;4;-1.000000, 0.000000, 0.000000, 0.000000;;,
      18;4;-1.000000, 0.000000, 0.000000, 0.000000;;,
      19;4;-1.000000, 0.000000, 0.000000, 0.000000;;,
      20;4;-1.000000, 0.000000, 0.000000, 0.000000;;,
      21;4;-1.000000, 0.000000, 0.000000, 0.000000;;,
      22;4;-1.000000, 0.000000, 0.000000, 0.000000;;,
      23;4;-1.000000, 0.000000, 0.000000, 0.000000;;,
      24;4;-1.000000, 0.000000, 0.000000, 0.000000;;,
      25;4;-1.000000, 0.000000, 0.000000, 0.000000;;,
      26;4;-1.000000, 0.000000, 0.000000, 0.000000;;,
      27;4;-1.000000, 0.000000, 0.000000, 0.000000;;,
      28;4;-1.000000, 0.000000, 0.000000, 0.000000;;,
      29;4;-1.000000, 0.000000, 0.000000, 0.000000;;,
      30;4;-1.000000, 0.000000, 0.000000, 0.000000;;,
      31;4;-1.000000, 0.000000, 0.000000, 0.000000;;,
      32;4;-1.000000, 0.000000, 0.000000, 0.000000;;,
      33;4;-1.000000, 0.000000, 0.000000, 0.000000;;,
      34;4;-1.000000, 0.000000, 0.000000, 0.000000;;,
      35;4;-1.000000, 0.000000, 0.000000, 0.000000;;,
      36;4;-1.000000, 0.000000, 0.000000, 0.000000;;,
      37;4;-1.000000, 0.000000, 0.000000, 0.000000;;,
      38;4;-1.000000, 0.000000, 0.000000, 0.000000;;,
      39;4;-1.000000, 0.000000, 0.000000, 0.000000;;,
      40;4;-1.000000, 0.000000, 0.000000, 0.000000;;,
      41;4;-1.000000, 0.000000, 0.000000, 0.000000;;,
      42;4;-1.000000, 0.000000, 0.000000, 0.000000;;,
      43;4;-1.000000, 0.000000, 0.000000, 0.000000;;,
      44;4;-1.000000, 0.000000, 0.000000, 0.000000;;,
      45;4;-1.000000, 0.000000, 0.000000, 0.000000;;,
      46;4;-1.000000, 0.000000, 0.000000, 0.000000;;,
      47;4;-1.000000, 0.000000, 0.000000, 0.000000;;,
      48;4;-1.000000, 0.000000, 0.000000, 0.000000;;,
      49;4;-1.000000, 0.000000, 0.000000, 0.000000;;,
      50;4;-1.000000, 0.000000, 0.000000, 0.000000;;,
      51;4;-1.000000, 0.000000, 0.000000, 0.000000;;,
      52;4;-1.000000, 0.000000, 0.000000, 0.000000;;,
      53;4;-1.000000, 0.000000, 0.000000, 0.000000;;,
      54;4;-1.000000, 0.000000, 0.000000, 0.000000;;,
      55;4;-1.000000, 0.000000, 0.000000, 0.000000;;,
      56;4;-1.000000, 0.000000, 0.000000, 0.000000;;,
      57;4;-1.000000, 0.000000, 0.000000, 0.000000;;,
      58;4;-1.000000, 0.000000, 0.000000, 0.000000;;,
      59;4;-1.000000, 0.000000, 0.000000, 0.000000;;,
      60;4;-1.000000, 0.000000, 0.000000, 0.000000;;;
    }
    AnimationKey { // Scale
      1;
      61;
      0;3; 1.000000, 1.000000, 1.000000;;,
      1;3; 1.000000, 1.000000, 1.000000;;,
      2;3; 1.000000, 1.000000, 1.000000;;,
      3;3; 1.000000, 1.000000, 1.000000;;,
      4;3; 1.000000, 1.000000, 1.000000;;,
      5;3; 1.000000, 1.000000, 1.000000;;,
      6;3; 1.000000, 1.000000, 1.000000;;,
      7;3; 1.000000, 1.000000, 1.000000;;,
      8;3; 1.000000, 1.000000, 1.000000;;,
      9;3; 1.000000, 1.000000, 1.000000;;,
      10;3; 1.000000, 1.000000, 1.000000;;,
      11;3; 1.000000, 1.000000, 1.000000;;,
      12;3; 1.000000, 1.000000, 1.000000;;,
      13;3; 1.000000, 1.000000, 1.000000;;,
      14;3; 1.000000, 1.000000, 1.000000;;,
      15;3; 1.000000, 1.000000, 1.000000;;,
      16;3; 1.000000, 1.000000, 1.000000;;,
      17;3; 1.000000, 1.000000, 1.000000;;,
      18;3; 1.000000, 1.000000, 1.000000;;,
      19;3; 1.000000, 1.000000, 1.000000;;,
      20;3; 1.000000, 1.000000, 1.000000;;,
      21;3; 1.000000, 1.000000, 1.000000;;,
      22;3; 1.000000, 1.000000, 1.000000;;,
      23;3; 1.000000, 1.000000, 1.000000;;,
      24;3; 1.000000, 1.000000, 1.000000;;,
      25;3; 1.000000, 1.000000, 1.000000;;,
      26;3; 1.000000, 1.000000, 1.000000;;,
      27;3; 1.000000, 1.000000, 1.000000;;,
      28;3; 1.000000, 1.000000, 1.000000;;,
      29;3; 1.000000, 1.000000, 1.000000;;,
      30;3; 1.000000, 1.000000, 1.000000;;,
      31;3; 1.000000, 1.000000, 1.000000;;,
      32;3; 1.000000, 1.000000, 1.000000;;,
      33;3; 1.000000, 1.000000, 1.000000;;,
      34;3; 1.000000, 1.000000, 1.000000;;,
      35;3; 1.000000, 1.000000, 1.000000;;,
      36;3; 1.000000, 1.000000, 1.000000;;,
      37;3; 1.000000, 1.000000, 1.000000;;,
      38;3; 1.000000, 1.000000, 1.000000;;,
      39;3; 1.000000, 1.000000, 1.000000;;,
      40;3; 1.000000, 1.000000, 1.000000;;,
      41;3; 1.000000, 1.000000, 1.000000;;,
      42;3; 1.000000, 1.000000, 1.000000;;,
      43;3; 1.000000, 1.000000, 1.000000;;,
      44;3; 1.000000, 1.000000, 1.000000;;,
      45;3; 1.000000, 1.000000, 1.000000;;,
      46;3; 1.000000, 1.000000, 1.000000;;,
      47;3; 1.000000, 1.000000, 1.000000;;,
      48;3; 1.000000, 1.000000, 1.000000;;,
      49;3; 1.000000, 1.000000, 1.000000;;,
      50;3; 1.000000, 1.000000, 1.000000;;,
      51;3; 1.000000, 1.000000, 1.000000;;,
      52;3; 1.000000, 1.000000, 1.000000;;,
      53;3; 1.000000, 1.000000, 1.000000;;,
      54;3; 1.000000, 1.000000, 1.000000;;,
