xof 0303txt 0032

template XSkinMeshHeader {
 <3cf169ce-ff7c-44ab-93c0-f78f62d172e2>
 WORD nMaxSkinWeightsPerVertex;
 WORD nMaxSkinWeightsPerFace;
 WORD nBones;
}

template VertexDuplicationIndices {
 <b8d65549-d7c9-4995-89cf-53a9a8b031e3>
 DWORD nIndices;
 DWORD nOriginalVertices;
 array DWORD indices[nIndices];
}

template SkinWeights {
 <6f0d123b-bad2-4167-a0d0-80224f25fabb>
 STRING transformNodeName;
 DWORD nWeights;
 array DWORD vertexIndices[nWeights];
 array FLOAT weights[nWeights];
 Matrix4x4 matrixOffset;
}


Frame F_SCENE_ROOT {

 FrameTransformMatrix {
  1.000000,0.000000,0.000000,0.000000,0.000000,1.000000,0.000000,0.000000,0.000000,0.000000,1.000000,0.000000,0.000000,0.000000,0.000000,1.000000;;
 }

 Frame F1_NULL_Layer1 {

  FrameTransformMatrix {
   1.000000,0.000000,0.000000,0.000000,0.000000,1.000000,0.000000,0.000000,0.000000,0.000000,1.000000,0.000000,0.000000,0.000000,0.000000,1.000000;;
  }

  Mesh Mesh_NULL {
   0;
   0;

   MeshNormals {
    0;
    0;
   }

   MeshMaterialList {
    0;
    0;
   }

   XSkinMeshHeader {
    0;
    0;
    0;
   }
  }

  Frame F185_ROOT {

   FrameTransformMatrix {
    0.234730,0.034695,0.971441,0.000000,-0.113143,0.993545,-0.008146,0.000000,-0.965454,-0.107999,0.237140,0.000000,0.000000,0.837001,0.000000,1.000000;;
   }

   Frame F4_CTRL_C_Root {

    FrameTransformMatrix {
     1.000000,0.000000,0.000000,0.000000,0.000000,1.000000,0.000000,0.000000,0.000000,-0.000000,1.000000,0.000000,0.000000,0.000000,0.001160,1.000000;;
    }

    Frame F6_CTRL_C_Waist {

     FrameTransformMatrix {
      0.999560,0.009178,-0.028223,0.000000,-0.029627,0.364506,-0.930730,0.000000,0.001745,0.931156,0.364618,0.000000,0.000000,0.017472,-0.083507,1.000000;;
     }

     Frame F60_EFCT_C_Waist {

      FrameTransformMatrix {
       0.999889,0.014854,-0.001080,0.000000,-0.014816,0.999466,0.029135,0.000000,0.001512,-0.029115,0.999575,0.000000,0.000000,0.000000,0.041500,1.000000;;
      }

      Frame F2_CTRL_C_Back {

       FrameTransformMatrix {
        0.999319,0.019231,-0.031492,0.000000,-0.027876,0.952636,-0.302832,0.000000,0.024176,0.303503,0.952524,0.000000,0.000000,-0.000000,0.074879,1.000000;;
       }

       Frame F55_EFCT_C_Back {

        FrameTransformMatrix {
         0.996417,0.035481,-0.076769,0.000000,-0.027526,0.994372,0.102305,0.000000,0.079967,-0.099826,0.991786,0.000000,0.000000,0.000000,0.031953,1.000000;;
        }

        Frame F18_CTRL_L_Shoulder0 {

         FrameTransformMatrix {
          0.205446,-0.962433,-0.177523,0.000000,-0.016573,-0.184787,0.982639,0.000000,-0.978528,-0.198937,-0.053914,0.000000,-0.000000,-0.000000,0.227496,1.000000;;
         }

         Frame F19_CTRL_L_Shoulder1 {

          FrameTransformMatrix {
           0.844254,0.534566,0.038392,0.000000,-0.529177,0.842801,-0.098271,0.000000,-0.084890,0.062650,0.994419,0.000000,0.000000,-0.000000,0.098319,1.000000;;
          }

          Frame F20_CTRL_L_Shoulder2 {

           FrameTransformMatrix {
            0.999851,0.017239,0.000000,0.000000,-0.017239,0.999851,-0.000000,0.000000,-0.000000,0.000000,1.000000,0.000000,-0.000000,0.000000,0.031248,1.000000;;
           }

           Frame F21_CTRL_L_Shoulder3 {

            FrameTransformMatrix {
             1.000000,0.000000,0.000000,0.000000,-0.000000,0.088894,0.996041,0.000000,0.000000,-0.996041,0.088894,0.000000,-0.000000,0.000000,0.012499,1.000000;;
            }

            Frame F26_CTRL_L_Upperarm {

             FrameTransformMatrix {
              0.773840,-0.633344,-0.006920,0.000000,0.633382,0.773793,0.008455,0.000000,0.000000,-0.010926,0.999940,0.000000,0.019999,-0.008000,0.031248,1.000000;;
             }

             Frame F8_CTRL_L_Elbow {

              FrameTransformMatrix {
               -0.650906,0.057122,-0.757006,0.000000,0.078952,0.996851,0.007333,0.000000,0.755041,-0.054994,-0.653367,0.000000,0.007500,-0.002172,0.213023,1.000000;;
              }

              Frame F16_CTRL_L_Lowerarm {

               FrameTransformMatrix {
                0.188716,0.981800,-0.021328,0.000000,-0.952315,0.188265,0.240109,0.000000,0.239755,-0.025002,0.970512,0.000000,-0.000000,0.000000,0.033352,1.000000;;
               }

               Frame F27_CTRL_L_Wrist {

                FrameTransformMatrix {
                 0.997284,0.002766,0.073604,0.000000,-0.011026,0.993641,0.112052,0.000000,-0.072826,-0.112559,0.990973,0.000000,-0.000000,0.000000,0.203161,1.000000;;
                }

                Frame F9_CTRL_L_Finger0 {

                 FrameTransformMatrix {
                  -0.323125,-0.765832,-0.555960,0.000000,0.913256,-0.098327,-0.395341,0.000000,0.248099,-0.635478,0.731173,0.000000,0.025623,-0.012299,0.017424,1.000000;;
                 }

                 Frame F71_EFCT_L_Finger00 {

                  FrameTransformMatrix {
                   0.995963,0.000678,0.089757,0.000000,-0.055058,0.794373,0.604930,0.000000,-0.070890,-0.607430,0.791204,0.000000,0.000000,-0.000000,0.036072,1.000000;;
                  }

                  Frame F72_EFCT_L_Finger01 {

                   FrameTransformMatrix {
                    0.997719,-0.038533,0.055429,0.000000,-0.047111,0.190641,0.980529,0.000000,-0.048350,-0.980903,0.188390,0.000000,-0.000000,0.000000,0.027271,1.000000;;
                   }
                  }
                 }
                }

                Frame F10_CTRL_L_Finger1 {

                 FrameTransformMatrix {
                  0.956552,-0.130115,-0.260917,0.000000,0.279624,0.155969,0.947356,0.000000,-0.082570,-0.979155,0.185576,0.000000,0.024086,-0.006150,0.077895,1.000000;;
                 }

                 Frame F73_EFCT_L_Finger10 {

                  FrameTransformMatrix {
                   0.993461,0.112403,0.020034,0.000000,0.022418,-0.364092,0.931093,0.000000,0.111951,-0.924555,-0.364231,0.000000,0.000000,0.000000,0.029154,1.000000;;
                  }

                  Frame F74_EFCT_L_Finger11 {

                   FrameTransformMatrix {
                    0.999801,-0.019853,-0.002072,0.000000,0.013933,0.619773,0.784657,0.000000,-0.014294,-0.784530,0.619927,0.000000,-0.000000,-0.000000,0.021371,1.000000;;
                   }
                  }
                 }
                }

                Frame F11_CTRL_L_Finger2 {

                 FrameTransformMatrix {
                  0.999803,-0.009422,0.017481,0.000000,-0.015568,0.174553,0.984525,0.000000,-0.012328,-0.984603,0.174372,0.000000,0.008712,-0.005637,0.079945,1.000000;;
                 }

                 Frame F75_EFCT_L_Finger20 {

                  FrameTransformMatrix {
                   0.999806,0.019372,0.003540,0.000000,0.003824,-0.367310,0.930091,0.000000,0.019318,-0.929897,-0.367312,0.000000,0.000000,0.000000,0.031524,1.000000;;
                  }

                  Frame F76_EFCT_L_Finger21 {

                   FrameTransformMatrix {
                    0.999896,0.000949,0.014392,0.000000,-0.011633,0.642988,0.765788,0.000000,-0.008527,-0.765876,0.642932,0.000000,0.000000,-0.000000,0.022604,1.000000;;
                   }
                  }
                 }
                }

                Frame F12_CTRL_L_Finger3 {

                 FrameTransformMatrix {
                  0.975344,0.128067,0.179732,0.000000,-0.197074,0.138858,0.970505,0.000000,0.099333,-0.981997,0.160673,0.000000,-0.010762,-0.005125,0.077382,1.000000;;
                 }

                 Frame F77_EFCT_L_Finger30 {

                  FrameTransformMatrix {
                   0.999874,0.001633,-0.015784,0.000000,0.015375,-0.345676,0.938228,0.000000,-0.003924,-0.938352,-0.345658,0.000000,0.000000,0.000000,0.029179,1.000000;;
                  }

                  Frame F78_EFCT_L_Finger31 {

                   FrameTransformMatrix {
                    0.999611,0.019236,0.020198,0.000000,-0.027783,0.622785,0.781899,0.000000,0.002462,-0.782156,0.623077,0.000000,0.000000,-0.000000,0.022621,1.000000;;
                   }
                  }
                 }
                }

                Frame F13_CTRL_L_Finger4 {

                 FrameTransformMatrix {
                  0.931074,0.142266,0.335950,0.000000,-0.353441,0.123438,0.927277,0.000000,0.090451,-0.982102,0.165212,0.000000,-0.026298,-0.005637,0.071120,1.000000;;
                 }

                 Frame F79_EFCT_L_Finger40 {

                  FrameTransformMatrix {
                   0.993987,0.098256,-0.048330,0.000000,0.078965,-0.337439,0.938029,0.000000,0.075858,-0.936205,-0.343169,0.000000,0.000000,-0.000000,0.025484,1.000000;;
                  }

                  Frame F80_EFCT_L_Finger41 {

                   FrameTransformMatrix {
                    0.997436,-0.069632,0.016536,0.000000,0.029943,0.615875,0.787274,0.000000,-0.065004,-0.784760,0.616381,0.000000,-0.000000,-0.000000,0.016488,1.000000;;
                   }
                  }
                 }
                }
               }

               Frame F121_EFCT_L_Wrist0 {

                FrameTransformMatrix {
                 0.999611,0.000735,0.027897,0.000000,-0.001304,0.999792,0.020374,0.000000,-0.027876,-0.020402,0.999403,0.000000,-0.000000,0.000000,0.203161,1.000000;;
                }
               }

               Frame F122_EFCT_L_Wrist1 {

                FrameTransformMatrix {
                 0.999611,0.000735,0.027897,0.000000,-0.001559,0.999563,0.029522,0.000000,-0.027863,-0.029554,0.999175,0.000000,-0.000000,0.000000,0.203161,1.000000;;
                }
               }
              }

              Frame F89_EFCT_L_Lowerarm0 {

               FrameTransformMatrix {
                0.894744,0.392493,-0.213033,0.000000,-0.376969,0.919560,0.110922,0.000000,0.239433,-0.018940,0.970728,0.000000,-0.000000,0.000000,0.033352,1.000000;;
               }
              }

              Frame F90_EFCT_L_Lowerarm1 {

               FrameTransformMatrix {
                0.778130,0.602218,-0.178458,0.000000,-0.581338,0.798093,0.158408,0.000000,0.237822,-0.019517,0.971113,0.000000,-0.000000,0.000000,0.033352,1.000000;;
               }
              }

              Frame F91_EFCT_L_Lowerarm2 {

               FrameTransformMatrix {
                0.699252,0.697614,-0.156145,0.000000,-0.674632,0.716206,0.178664,0.000000,0.236471,-0.019591,0.971441,0.000000,-0.000000,0.000000,0.033352,1.000000;;
               }
              }

              Frame F92_EFCT_L_Lowerarm3 {

               FrameTransformMatrix {
                0.612333,0.779284,-0.133285,0.000000,-0.754839,0.626397,0.194535,0.000000,0.235087,-0.018511,0.971798,0.000000,-0.000000,0.000000,0.033352,1.000000;;
               }
              }

              Frame F93_EFCT_L_Lowerarm4 {

               FrameTransformMatrix {
                0.450350,0.888050,-0.092475,0.000000,-0.859946,0.459279,0.222609,0.000000,0.240160,-0.020729,0.970512,0.000000,-0.000000,0.000000,0.033352,1.000000;;
               }
              }
             }

             Frame F68_EFCT_L_Elbow0 {

              FrameTransformMatrix {
               0.950516,0.003395,0.310658,0.000000,-0.000001,0.999940,-0.010926,0.000000,-0.310676,0.010385,0.950459,0.000000,0.007500,-0.002172,0.213023,1.000000;;
              }
             }

             Frame F69_EFCT_L_Elbow1 {

              FrameTransformMatrix {
               0.950516,0.003395,0.310658,0.000000,-0.000001,0.999940,-0.010926,0.000000,-0.310676,0.010385,0.950459,0.000000,0.007500,-0.002172,0.213023,1.000000;;
              }
             }

             Frame F70_EFCT_L_Elbow2 {

              FrameTransformMatrix {
               -0.950516,-0.003395,-0.310658,0.000000,-0.000001,0.999940,-0.010925,0.000000,0.310677,-0.010384,-0.950459,0.000000,0.007500,-0.002172,0.213023,1.000000;;
              }
             }
            }

            Frame F117_EFCT_L_Upperarm0 {

             FrameTransformMatrix {
              0.983318,-0.181887,-0.001323,0.000000,0.181892,0.983292,0.007153,0.000000,0.000000,-0.007274,0.999974,0.000000,0.019999,-0.008000,0.031248,1.000000;;
             }
            }

            Frame F118_EFCT_L_Upperarm1 {

             FrameTransformMatrix {
              0.956152,-0.292850,-0.003590,0.000000,0.292872,0.956080,0.011722,0.000000,0.000000,-0.012259,0.999925,0.000000,0.019999,-0.008000,0.031248,1.000000;;
             }
            }

            Frame F119_EFCT_L_Upperarm2 {

             FrameTransformMatrix {
              0.925421,-0.378912,-0.004615,0.000000,0.378940,0.925353,0.011271,0.000000,0.000000,-0.012180,0.999926,0.000000,0.019999,-0.008000,0.031248,1.000000;;
             }
            }

            Frame F120_EFCT_L_Upperarm3 {

             FrameTransformMatrix {
              0.856154,-0.516683,-0.006196,0.000000,0.516720,0.856093,0.010265,0.000000,0.000000,-0.011990,0.999928,0.000000,0.019999,-0.008000,0.031248,1.000000;;
             }
            }
           }

           Frame F106_EFCT_L_Shoulder30 {

            FrameTransformMatrix {
             1.000000,-0.000000,0.000000,0.000000,0.000000,0.830176,-0.557501,0.000000,-0.000000,0.557501,0.830176,0.000000,-0.000000,0.000000,0.012499,1.000000;;
            }
           }

           Frame F107_EFCT_L_Shoulder31 {

            FrameTransformMatrix {
             1.000000,0.000000,0.000000,0.000000,0.000000,-0.497724,0.867335,0.000000,0.000000,-0.867335,-0.497724,0.000000,-0.000000,0.000000,0.012499,1.000000;;
            }
           }

           Frame F108_EFCT_L_Shoulder32 {

            FrameTransformMatrix {
             1.000000,-0.000000,0.000000,0.000000,0.000000,0.830176,-0.557501,0.000000,-0.000000,0.557501,0.830176,0.000000,-0.000000,0.000000,0.012499,1.000000;;
            }
           }

           Frame F109_EFCT_L_Shoulder33 {

            FrameTransformMatrix {
             1.000000,0.000000,0.000000,0.000000,0.000000,-0.498384,0.866957,0.000000,0.000000,-0.866957,-0.498384,0.000000,-0.000000,0.000000,0.012499,1.000000;;
            }
           }
          }
         }

         Frame F100_EFCT_L_Shoulder10 {

          FrameTransformMatrix {
           0.909339,0.412842,0.051617,0.000000,-0.407304,0.908645,-0.092016,0.000000,-0.084890,0.062650,0.994419,0.000000,0.000000,-0.000000,0.098319,1.000000;;
          }

          Frame F102_EFCT_L_Shoulder20 {

           FrameTransformMatrix {
            -0.438181,-0.007555,0.898855,0.000000,-0.017239,0.999851,0.000000,0.000000,-0.898721,-0.015495,-0.438246,0.000000,-0.000000,0.000000,0.031236,1.000000;;
           }
          }

          Frame F103_EFCT_L_Shoulder21 {

           FrameTransformMatrix {
            -0.276469,-0.004767,-0.961011,0.000000,-0.017239,0.999851,0.000000,0.000000,0.960868,0.016567,-0.276510,0.000000,-0.000000,0.000000,0.031236,1.000000;;
           }
          }
         }

         Frame F101_EFCT_L_Shoulder11 {

          FrameTransformMatrix {
           0.930536,0.361793,0.056643,0.000000,-0.356226,0.930151,-0.089010,0.000000,-0.084890,0.062650,0.994419,0.000000,0.000000,-0.000000,0.098319,1.000000;;
          }

          Frame F104_EFCT_L_Shoulder22 {

           FrameTransformMatrix {
            -0.437811,-0.007549,0.899035,0.000000,-0.017239,0.999851,-0.000000,0.000000,-0.898902,-0.015498,-0.437876,0.000000,-0.000000,0.000000,0.031242,1.000000;;
           }
          }

          Frame F105_EFCT_L_Shoulder23 {

           FrameTransformMatrix {
            -0.272352,-0.004696,-0.962186,0.000000,-0.017239,0.999851,-0.000000,0.000000,0.962043,0.016587,-0.272392,0.000000,-0.000000,0.000000,0.031242,1.000000;;
           }
          }
         }
        }

        Frame F39_CTRL_R_Shoulder0 {

         FrameTransformMatrix {
          0.198623,0.963736,0.178217,0.000000,0.011376,-0.184095,0.982843,0.000000,0.980010,-0.193187,-0.047529,0.000000,0.000000,-0.000000,0.227496,1.000000;;
         }

         Frame F40_CTRL_R_Shoulder1 {

          FrameTransformMatrix {
           0.906103,-0.419985,-0.050891,0.000000,0.414453,0.905366,-0.092419,0.000000,0.084890,0.062650,0.994419,0.000000,-0.000000,-0.000000,0.098319,1.000000;;
          }

          Frame F41_CTRL_R_Shoulder2 {

           FrameTransformMatrix {
            0.999851,-0.017239,-0.000000,0.000000,0.017239,0.999851,-0.000000,0.000000,0.000000,0.000000,1.000000,0.000000,0.000000,0.000000,0.031248,1.000000;;
           }

           Frame F42_CTRL_R_Shoulder3 {

            FrameTransformMatrix {
             1.000000,-0.000000,-0.000000,0.000000,0.000000,0.409925,0.912119,0.000000,-0.000000,-0.912119,0.409925,0.000000,0.000000,0.000000,0.012499,1.000000;;
            }

            Frame F47_CTRL_R_Upperarm {

             FrameTransformMatrix {
              0.313993,-0.949369,-0.010373,0.000000,0.949425,0.313975,0.003431,0.000000,-0.000000,-0.010926,0.999940,0.000000,-0.019999,-0.008000,0.031248,1.000000;;
             }

             Frame F29_CTRL_R_Elbow {

              FrameTransformMatrix {
               -0.714236,-0.061697,0.697181,0.000000,-0.078952,0.996851,0.007333,0.000000,-0.695438,-0.049807,-0.716858,0.000000,-0.007500,-0.002172,0.213023,1.000000;;
              }

              Frame F37_CTRL_R_Lowerarm {

               FrameTransformMatrix {
                0.298535,-0.953130,0.049196,0.000000,0.923794,0.301526,0.235981,0.000000,-0.239755,-0.025002,0.970512,0.000000,0.000000,0.000000,0.033352,1.000000;;
               }

               Frame F48_CTRL_R_Wrist {

                FrameTransformMatrix {
                 0.969118,0.011423,0.246331,0.000000,-0.045010,0.990340,0.131152,0.000000,-0.242453,-0.138189,0.960271,0.000000,0.000000,0.000000,0.203161,1.000000;;
                }

                Frame F30_CTRL_R_Finger0 {

                 FrameTransformMatrix {
                  -0.323125,0.765832,0.555960,0.000000,-0.907393,-0.083885,-0.411828,0.000000,-0.268754,-0.637546,0.722016,0.000000,-0.025623,-0.012299,0.017424,1.000000;;
                 }

                 Frame F133_EFCT_R_Finger00 {

                  FrameTransformMatrix {
                   0.995963,-0.000678,-0.089757,0.000000,0.050109,0.833848,0.549715,0.000000,0.074471,-0.551994,0.830516,0.000000,-0.000000,-0.000000,0.036072,1.000000;;
                  }

                  Frame F134_EFCT_R_Finger01 {

                   FrameTransformMatrix {
                    0.997719,0.038533,-0.055429,0.000000,0.037609,0.364581,0.930412,0.000000,0.056060,-0.930374,0.362300,0.000000,0.000000,0.000000,0.027271,1.000000;;
                   }
                  }
                 }
                }

                Frame F31_CTRL_R_Finger1 {

                 FrameTransformMatrix {
                  0.956552,0.130115,0.260917,0.000000,-0.291535,0.415110,0.861795,0.000000,0.003823,-0.900419,0.435008,0.000000,-0.024086,-0.006150,0.077895,1.000000;;
                 }

                 Frame F135_EFCT_R_Finger10 {

                  FrameTransformMatrix {
                   0.993461,-0.112403,-0.020034,0.000000,0.024179,0.035638,0.999072,0.000000,-0.111584,-0.993023,0.038123,0.000000,-0.000000,0.000000,0.029154,1.000000;;
                  }

                  Frame F136_EFCT_R_Finger11 {

                   FrameTransformMatrix {
                    0.999801,0.019853,0.002072,0.000000,-0.016298,0.751981,0.658983,0.000000,0.011525,-0.658885,0.752155,0.000000,0.000000,-0.000000,0.021371,1.000000;;
                   }
                  }
                 }
                }

                Frame F32_CTRL_R_Finger2 {

                 FrameTransformMatrix {
                  0.999833,0.009320,-0.015738,0.000000,0.012938,0.247870,0.968707,0.000000,0.012930,-0.968749,0.247708,0.000000,-0.008712,-0.005637,0.079945,1.000000;;
                 }

                 Frame F137_EFCT_R_Finger20 {

                  FrameTransformMatrix {
                   0.999806,-0.019372,-0.003540,0.000000,-0.001629,-0.260524,0.965466,0.000000,-0.019625,-0.965273,-0.260505,0.000000,-0.000000,0.000000,0.031524,1.000000;;
                  }

                  Frame F138_EFCT_R_Finger21 {

                   FrameTransformMatrix {
                    0.999896,-0.000949,-0.014392,0.000000,0.011192,0.680486,0.732676,0.000000,0.009099,-0.732760,0.680426,0.000000,-0.000000,-0.000000,0.022604,1.000000;;
                   }
                  }
                 }
                }

                Frame F33_CTRL_R_Finger3 {

                 FrameTransformMatrix {
                  0.975045,-0.127927,-0.181446,0.000000,0.206744,0.225389,0.952080,0.000000,-0.080900,-0.965834,0.246213,0.000000,0.010762,-0.005125,0.077382,1.000000;;
                 }

                 Frame F139_EFCT_R_Finger30 {

                  FrameTransformMatrix {
                   0.999874,-0.001633,0.015784,0.000000,-0.015761,-0.217685,0.975892,0.000000,0.001843,-0.976018,-0.217683,0.000000,-0.000000,0.000000,0.029179,1.000000;;
                  }

                  Frame F140_EFCT_R_Finger31 {

                   FrameTransformMatrix {
                    0.999611,-0.019236,-0.020198,0.000000,0.027880,0.668076,0.743570,0.000000,-0.000809,-0.743844,0.668352,0.000000,-0.000000,-0.000000,0.022621,1.000000;;
                   }
                  }
                 }
                }

                Frame F34_CTRL_R_Finger4 {

                 FrameTransformMatrix {
                  0.931074,-0.142266,-0.335950,0.000000,0.353910,0.128578,0.926399,0.000000,-0.088599,-0.981442,0.170065,0.000000,0.026298,-0.005637,0.071120,1.000000;;
                 }

                 Frame F141_EFCT_R_Finger40 {

                  FrameTransformMatrix {
                   0.993987,-0.098256,0.048330,0.000000,-0.078367,-0.330076,0.940696,0.000000,-0.076476,-0.938827,-0.335791,0.000000,-0.000000,-0.000000,0.025484,1.000000;;
                  }

                  Frame F142_EFCT_R_Finger41 {

                   FrameTransformMatrix {
                    0.997436,0.069632,-0.016536,0.000000,-0.030170,0.618611,0.785118,0.000000,0.064899,-0.782606,0.619125,0.000000,0.000000,-0.000000,0.016488,1.000000;;
                   }
                  }
                 }
                }
               }

               Frame F183_EFCT_R_Wrist0 {

                FrameTransformMatrix {
                 0.998605,0.002843,0.052717,0.000000,-0.004449,0.999529,0.030366,0.000000,-0.052606,-0.030558,0.998148,0.000000,0.000000,0.000000,0.203161,1.000000;;
                }
               }

               Frame F184_EFCT_R_Wrist1 {

                FrameTransformMatrix {
                 0.998605,0.002843,0.052717,0.000000,-0.005005,0.999150,0.040924,0.000000,-0.052556,-0.041130,0.997771,0.000000,0.000000,0.000000,0.203161,1.000000;;
                }
               }
              }

              Frame F151_EFCT_R_Lowerarm0 {

               FrameTransformMatrix {
                0.905335,-0.365567,0.216170,0.000000,0.350772,0.930592,0.104676,0.000000,-0.239433,-0.018940,0.970728,0.000000,0.000000,0.000000,0.033352,1.000000;;
               }
              }

              Frame F152_EFCT_R_Lowerarm1 {

               FrameTransformMatrix {
                0.806717,-0.560806,0.186292,0.000000,0.540969,0.827717,0.149117,0.000000,-0.237822,-0.019517,0.971113,0.000000,0.000000,0.000000,0.033352,1.000000;;
               }
              }

              Frame F153_EFCT_R_Lowerarm2 {

               FrameTransformMatrix {
                0.739858,-0.651718,0.166955,0.000000,0.629834,0.758209,0.168607,0.000000,-0.236471,-0.019591,0.971441,0.000000,0.000000,0.000000,0.033352,1.000000;;
               }
              }

              Frame F154_EFCT_R_Lowerarm3 {

               FrameTransformMatrix {
                0.665863,-0.731420,0.147146,0.000000,0.708068,0.681676,0.184273,0.000000,-0.235087,-0.018511,0.971798,0.000000,0.000000,0.000000,0.033352,1.000000;;
               }
              }

              Frame F155_EFCT_R_Lowerarm4 {

               FrameTransformMatrix {
                0.526700,-0.842595,0.112339,0.000000,0.815420,0.538148,0.213276,0.000000,-0.240160,-0.020729,0.970512,0.000000,0.000000,0.000000,0.033352,1.000000;;
               }
              }
             }

             Frame F130_EFCT_R_Elbow0 {

              FrameTransformMatrix {
               0.963163,-0.002939,-0.268904,0.000000,0.000001,0.999940,-0.010926,0.000000,0.268920,0.010523,0.963105,0.000000,-0.007500,-0.002172,0.213023,1.000000;;
              }
             }

             Frame F131_EFCT_R_Elbow1 {

              FrameTransformMatrix {
               0.963163,-0.002939,-0.268904,0.000000,0.000001,0.999940,-0.010926,0.000000,0.268920,0.010523,0.963105,0.000000,-0.007500,-0.002172,0.213023,1.000000;;
              }
             }

             Frame F132_EFCT_R_Elbow2 {

              FrameTransformMatrix {
               -0.963162,0.002939,0.268904,0.000000,0.000001,0.999940,-0.010925,0.000000,-0.268920,-0.010522,-0.963105,0.000000,-0.007500,-0.002172,0.213023,1.000000;;
              }
             }
            }

            Frame F179_EFCT_R_Upperarm0 {

             FrameTransformMatrix {
              0.944835,-0.327539,-0.002383,0.000000,0.327548,0.944810,0.006873,0.000000,-0.000000,-0.007274,0.999974,0.000000,-0.019999,-0.008000,0.031248,1.000000;;
             }
            }

            Frame F180_EFCT_R_Upperarm1 {

             FrameTransformMatrix {
              0.856537,-0.516046,-0.006327,0.000000,0.516085,0.856473,0.010501,0.000000,-0.000000,-0.012259,0.999925,0.000000,-0.019999,-0.008000,0.031248,1.000000;;
             }
            }

            Frame F181_EFCT_R_Upperarm2 {

             FrameTransformMatrix {
              0.758908,-0.651149,-0.007931,0.000000,0.651198,0.758852,0.009243,0.000000,-0.000000,-0.012180,0.999926,0.000000,-0.019999,-0.008000,0.031248,1.000000;;
             }
            }

            Frame F182_EFCT_R_Upperarm3 {

             FrameTransformMatrix {
              0.548111,-0.836346,-0.010029,0.000000,0.836406,0.548071,0.006572,0.000000,-0.000000,-0.011990,0.999928,0.000000,-0.019999,-0.008000,0.031248,1.000000;;
             }
            }
           }

           Frame F168_EFCT_R_Shoulder30 {

            FrameTransformMatrix {
             1.000000,0.000000,0.000000,0.000000,-0.000000,0.688255,-0.725469,0.000000,-0.000000,0.725469,0.688255,0.000000,0.000000,0.000000,0.012499,1.000000;;
            }
           }

           Frame F169_EFCT_R_Shoulder31 {

            FrameTransformMatrix {
             1.000000,-0.000000,-0.000000,0.000000,-0.000000,-0.353401,0.935472,0.000000,-0.000000,-0.935472,-0.353401,0.000000,0.000000,0.000000,0.012499,1.000000;;
            }
           }

           Frame F170_EFCT_R_Shoulder32 {

            FrameTransformMatrix {
             1.000000,0.000000,0.000000,0.000000,-0.000000,0.688255,-0.725469,0.000000,-0.000000,0.725469,0.688255,0.000000,0.000000,0.000000,0.012499,1.000000;;
            }
           }

           Frame F171_EFCT_R_Shoulder33 {

            FrameTransformMatrix {
             1.000000,-0.000000,-0.000000,0.000000,-0.000000,-0.356392,0.934336,0.000000,-0.000000,-0.934336,-0.356392,0.000000,0.000000,0.000000,0.012499,1.000000;;
            }
           }
          }
         }

         Frame F162_EFCT_R_Shoulder10 {

          FrameTransformMatrix {
           0.945135,-0.321037,-0.060457,0.000000,0.315458,0.944992,-0.086465,0.000000,0.084890,0.062650,0.994419,0.000000,-0.000000,-0.000000,0.098319,1.000000;;
          }

          Frame F164_EFCT_R_Shoulder20 {

           FrameTransformMatrix {
            -0.438181,0.007555,-0.898855,0.000000,0.017239,0.999851,0.000000,0.000000,0.898721,-0.015495,-0.438246,0.000000,0.000000,0.000000,0.031236,1.000000;;
           }
          }

          Frame F165_EFCT_R_Shoulder21 {

           FrameTransformMatrix {
            -0.276469,0.004767,0.961011,0.000000,0.017239,0.999851,0.000000,0.000000,-0.960868,0.016567,-0.276510,0.000000,0.000000,0.000000,0.031236,1.000000;;
           }
          }
         }

         Frame F163_EFCT_R_Shoulder11 {

          FrameTransformMatrix {
           0.957750,-0.280368,-0.064096,0.000000,0.274788,0.957846,-0.083803,0.000000,0.084890,0.062650,0.994419,0.000000,-0.000000,-0.000000,0.098319,1.000000;;
          }

          Frame F166_EFCT_R_Shoulder22 {

           FrameTransformMatrix {
            -0.437811,0.007549,-0.899035,0.000000,0.017239,0.999851,-0.000000,0.000000,0.898902,-0.015498,-0.437876,0.000000,0.000000,0.000000,0.031242,1.000000;;
           }
          }

          Frame F167_EFCT_R_Shoulder23 {

           FrameTransformMatrix {
            -0.272352,0.004696,0.962186,0.000000,0.017239,0.999851,-0.000000,0.000000,-0.962043,0.016587,-0.272392,0.000000,0.000000,0.000000,0.031242,1.000000;;
           }
          }
         }
        }

        Frame F49_DEST_C_Head {

         FrameTransformMatrix {
          0.344022,0.904299,-0.252767,0.000000,0.093306,0.234943,0.967521,0.000000,0.934314,-0.356433,-0.003551,0.000000,0.000000,-0.029922,0.361656,1.000000;;
         }

         Frame F54_DMYF_C_Head {

          FrameTransformMatrix {
           1.000000,0.000000,0.000000,0.000000,0.000000,1.000000,0.000000,0.000000,0.000000,-0.000000,1.000000,0.000000,0.000000,-0.000000,0.160161,1.000000;;
          }
         }
        }

        Frame F58_EFCT_C_Neck0 {

         FrameTransformMatrix {
          0.794338,0.596594,0.114465,0.000000,-0.592779,0.720039,0.360773,0.000000,0.132816,-0.354429,0.925603,0.000000,0.000000,-0.000000,0.227496,1.000000;;
         }

         Frame F56_EFCT_C_Head0 {

          FrameTransformMatrix {
           0.776654,0.397451,-0.488713,0.000000,0.275013,0.484048,0.830702,0.000000,0.566724,-0.779571,0.266633,0.000000,0.000000,0.000000,0.082302,1.000000;;
          }

          Frame F3_CTRL_C_Lowerlip {

           FrameTransformMatrix {
            1.000000,0.000000,0.000000,0.000000,0.000000,0.956212,0.292676,0.000000,0.000000,-0.292676,0.956212,0.000000,0.000000,0.010721,0.048225,1.000000;;
           }
          }

          Frame F5_CTRL_C_Upperlip {

           FrameTransformMatrix {
            1.000000,0.000000,0.000000,0.000000,0.000000,0.999270,0.038208,0.000000,0.000000,-0.038208,0.999270,0.000000,0.000000,0.010721,0.048225,1.000000;;
           }
          }

          Frame F15_CTRL_L_Lipside {

           FrameTransformMatrix {
            0.924344,0.004021,0.381540,0.000000,-0.069017,0.985212,0.156823,0.000000,-0.375267,-0.171291,0.910952,0.000000,-0.000000,0.010721,0.048225,1.000000;;
           }
          }

          Frame F36_CTRL_R_Lipside {

           FrameTransformMatrix {
            0.924344,-0.004021,-0.381540,0.000000,0.069017,0.985212,0.156823,0.000000,0.375267,-0.171291,0.910952,0.000000,0.000000,0.010721,0.048225,1.000000;;
           }
          }
         }

         Frame F57_EFCT_C_Head1 {

          FrameTransformMatrix {
           0.958646,0.043977,-0.281183,0.000000,0.242798,0.389078,0.888632,0.000000,0.148481,-0.920154,0.362311,0.000000,0.000000,0.000000,0.082302,1.000000;;
          }
         }
        }

        Frame F59_EFCT_C_Neck1 {

         FrameTransformMatrix {
          0.985863,0.163806,0.035251,0.000000,-0.156959,0.829206,0.536453,0.000000,0.058644,-0.534402,0.843194,0.000000,0.000000,-0.000000,0.227496,1.000000;;
         }
        }

        Frame F64_EFCT_L_Breast {

         FrameTransformMatrix {
          1.000000,-0.000000,-0.000000,0.000000,-0.000000,-0.053199,0.998584,0.000000,-0.000000,-0.998584,-0.053199,0.000000,-0.056939,0.088340,0.067526,1.000000;;
         }

         Frame F50_DEST_L_Breast0 {

          FrameTransformMatrix {
           1.000000,-0.000000,-0.000000,0.000000,0.000000,0.999231,-0.039218,0.000000,0.000000,0.039218,0.999231,0.000000,0.000000,0.000000,0.047208,1.000000;;
          }

          Frame F51_DEST_L_Breast1 {

           FrameTransformMatrix {
            0.999234,-0.019292,0.034043,0.000000,0.024649,0.986034,-0.164712,0.000000,-0.030389,0.165425,0.985754,0.000000,-0.000000,0.000000,0.098890,1.000000;;
           }
          }
         }
        }

        Frame F99_EFCT_L_Shoulder0 {

         FrameTransformMatrix {
          0.153184,-0.970859,-0.184303,0.000000,-0.040566,-0.192525,0.980453,0.000000,-0.987365,-0.142713,-0.068875,0.000000,-0.000000,-0.000000,0.227496,1.000000;;
         }
        }

        Frame F126_EFCT_R_Breast {

         FrameTransformMatrix {
          1.000000,0.000000,0.000000,0.000000,0.000000,-0.052154,0.998639,0.000000,0.000000,-0.998639,-0.052154,0.000000,0.056939,0.088340,0.067526,1.000000;;
         }

         Frame F52_DEST_R_Breast0 {

          FrameTransformMatrix {
           1.000000,0.000000,0.000000,0.000000,-0.000000,0.999231,-0.039218,0.000000,-0.000000,0.039218,0.999231,0.000000,-0.000000,0.000000,0.047208,1.000000;;
          }

          Frame F53_DEST_R_Breast1 {

           FrameTransformMatrix {
            0.999234,0.019292,-0.034043,0.000000,-0.024649,0.986034,-0.164712,0.000000,0.030389,0.165425,0.985754,0.000000,0.000000,0.000000,0.098890,1.000000;;
           }
          }
         }
        }

        Frame F161_EFCT_R_Shoulder0 {

         FrameTransformMatrix {
          0.149739,0.971342,0.184590,0.000000,0.039006,-0.192353,0.980550,0.000000,0.987956,-0.139626,-0.066691,0.000000,0.000000,-0.000000,0.227496,1.000000;;
         }
        }
       }
      }
     }
    }

    Frame F23_CTRL_L_ThighPivot0 {

     FrameTransformMatrix {
      0.939094,0.000000,0.343660,0.000000,-0.343660,0.000000,0.939094,0.000000,0.000000,-1.000000,0.000000,0.000000,-0.119488,-0.048384,-0.011912,1.000000;;
     }

     Frame F24_CTRL_L_ThighPivot1 {

      FrameTransformMatrix {
       0.982935,-0.000000,0.183951,0.000000,0.098566,0.844328,-0.526683,0.000000,-0.155315,0.535827,0.829920,0.000000,-0.000000,-0.000000,0.006720,1.000000;;
      }

      Frame F22_CTRL_L_Thigh {

       FrameTransformMatrix {
        0.978376,-0.205756,0.021104,0.000000,0.206202,0.978268,-0.021748,0.000000,-0.016171,0.025629,0.999541,0.000000,0.027408,0.000000,0.086016,1.000000;;
       }

       Frame F14_CTRL_L_Knee {

        FrameTransformMatrix {
         0.999477,0.031868,-0.005505,0.000000,-0.029867,0.974848,0.220859,0.000000,0.012405,-0.220580,0.975290,0.000000,-0.008070,-0.034014,0.295084,1.000000;;
        }

        Frame F17_CTRL_L_Shin {

         FrameTransformMatrix {
          0.999650,-0.026302,-0.002967,0.000000,0.021230,0.729762,0.683371,0.000000,-0.015809,-0.683195,0.730065,0.000000,-0.000000,-0.000000,0.041849,1.000000;;
         }

         Frame F7_CTRL_L_Ankle {

          FrameTransformMatrix {
           0.963963,0.005707,-0.265976,0.000000,-0.109064,0.920371,-0.375529,0.000000,0.242653,0.391004,0.887826,0.000000,0.000000,0.000000,0.347192,1.000000;;
          }

          Frame F25_CTRL_L_Toe {

           FrameTransformMatrix {
            0.971572,0.236717,-0.003558,0.000000,0.007276,-0.044878,-0.998966,0.000000,-0.236631,0.970542,-0.045325,0.000000,-0.006001,0.100069,0.078086,1.000000;;
           }
          }
         }

         Frame F61_EFCT_L_Ankle0 {

          FrameTransformMatrix {
           0.999999,0.000013,-0.001022,0.000000,-0.000184,0.985890,-0.167396,0.000000,0.001005,0.167396,0.985889,0.000000,0.000000,0.000000,0.347192,1.000000;;
          }
         }

         Frame F62_EFCT_L_Ankle1 {

          FrameTransformMatrix {
           0.999950,-0.000131,0.009985,0.000000,-0.000017,0.999890,0.014850,0.000000,-0.009986,-0.014850,0.999840,0.000000,0.000000,0.000000,0.347192,1.000000;;
          }
         }

         Frame F63_EFCT_L_Ankle2 {

          FrameTransformMatrix {
           0.969716,0.002356,-0.244226,0.000000,-0.081213,0.946163,-0.313336,0.000000,0.230339,0.323681,0.917701,0.000000,0.000000,0.000000,0.347192,1.000000;;
          }
         }
        }

        Frame F94_EFCT_L_Shin0 {

         FrameTransformMatrix {
          0.999777,-0.013834,-0.015940,0.000000,0.020913,0.751192,0.659753,0.000000,0.002847,-0.659939,0.751314,0.000000,-0.000000,-0.000000,0.041849,1.000000;;
         }
        }

        Frame F95_EFCT_L_Shin1 {

         FrameTransformMatrix {
          0.999627,-0.027191,-0.002371,0.000000,0.021817,0.743805,0.668041,0.000000,-0.016401,-0.667844,0.744121,0.000000,-0.000000,-0.000000,0.041849,1.000000;;
         }
        }

        Frame F96_EFCT_L_Shin2 {

         FrameTransformMatrix {
          0.999599,-0.028302,-0.001248,0.000000,0.021754,0.738612,0.673780,0.000000,-0.018148,-0.673537,0.738931,0.000000,-0.000000,-0.000000,0.041849,1.000000;;
         }
        }

        Frame F97_EFCT_L_Shin3 {

         FrameTransformMatrix {
          0.999576,-0.029108,-0.000433,0.000000,0.021692,0.734816,0.677920,0.000000,-0.019415,-0.677642,0.735136,0.000000,-0.000000,-0.000000,0.041849,1.000000;;
         }
        }

        Frame F98_EFCT_L_Shin4 {

         FrameTransformMatrix {
          0.999561,-0.029642,0.000106,0.000000,0.021644,0.732291,0.680648,0.000000,-0.020253,-0.680346,0.732611,0.000000,-0.000000,-0.000000,0.041849,1.000000;;
         }
        }
       }

       Frame F86_EFCT_L_Knee0 {

        FrameTransformMatrix {
         0.999794,0.012241,-0.016174,0.000000,-0.020229,0.543064,-0.839447,0.000000,-0.001492,0.839602,0.543200,0.000000,-0.008070,-0.034014,0.295084,1.000000;;
        }
       }

       Frame F87_EFCT_L_Knee1 {

        FrameTransformMatrix {
         0.999794,0.012241,-0.016174,0.000000,-0.020183,0.520955,-0.853345,0.000000,-0.002020,0.853496,0.521095,0.000000,-0.008070,-0.034014,0.295084,1.000000;;
        }
       }

       Frame F88_EFCT_L_Knee2 {

        FrameTransformMatrix {
         0.999794,0.012241,-0.016166,0.000000,0.020204,-0.533577,0.845510,0.000000,0.001724,-0.845663,-0.533715,0.000000,-0.008070,-0.034014,0.295084,1.000000;;
        }
       }
      }

      Frame F110_EFCT_L_Thigh0 {

       FrameTransformMatrix {
        0.999160,-0.033370,0.023776,0.000000,0.034038,0.999020,-0.028299,0.000000,-0.022808,0.029085,0.999317,0.000000,0.027408,0.000000,0.086016,1.000000;;
       }
      }

      Frame F111_EFCT_L_Thigh1 {

       FrameTransformMatrix {
        0.998108,-0.057246,0.022416,0.000000,0.057825,0.997986,-0.026090,0.000000,-0.020878,0.027336,0.999408,0.000000,0.027408,0.000000,0.086016,1.000000;;
       }
      }

      Frame F112_EFCT_L_Thigh2 {

       FrameTransformMatrix {
        0.995120,-0.096111,0.022315,0.000000,0.096667,0.994994,-0.025347,0.000000,-0.019767,0.027380,0.999430,0.000000,0.027408,0.000000,0.086016,1.000000;;
       }
      }

      Frame F113_EFCT_L_Thigh3 {

       FrameTransformMatrix {
        0.991735,-0.126378,0.022132,0.000000,0.126897,0.991629,-0.023865,0.000000,-0.018931,0.026476,0.999470,0.000000,0.027408,0.000000,0.086016,1.000000;;
       }
      }

      Frame F114_EFCT_L_Thigh4 {

       FrameTransformMatrix {
        0.986000,-0.165160,0.022929,0.000000,0.165703,0.985879,-0.024186,0.000000,-0.018610,0.027647,0.999444,0.000000,0.027408,0.000000,0.086016,1.000000;;
