xof 0303txt 0032

template XSkinMeshHeader {
 <3cf169ce-ff7c-44ab-93c0-f78f62d172e2>
 WORD nMaxSkinWeightsPerVertex;
 WORD nMaxSkinWeightsPerFace;
 WORD nBones;
}

template VertexDuplicationIndices {
 <b8d65549-d7c9-4995-89cf-53a9a8b031e3>
 DWORD nIndices;
 DWORD nOriginalVertices;
 array DWORD indices[nIndices];
}

template SkinWeights {
 <6f0d123b-bad2-4167-a0d0-80224f25fabb>
 STRING transformNodeName;
 DWORD nWeights;
 array DWORD vertexIndices[nWeights];
 array FLOAT weights[nWeights];
 Matrix4x4 matrixOffset;
}


Frame F_SCENE_ROOT {

 FrameTransformMatrix {
  1.000000,0.000000,0.000000,0.000000,0.000000,1.000000,0.000000,0.000000,0.000000,0.000000,1.000000,0.000000,0.000000,0.000000,0.000000,1.000000;;
 }

 Frame F1_temp_Layer1 {

  FrameTransformMatrix {
   1.000000,0.000000,0.000000,0.000000,0.000000,1.000000,0.000000,0.000000,0.000000,0.000000,1.000000,0.000000,0.000000,0.000000,0.000000,1.000000;;
  }

  Mesh Mesh_temp {
   0;
   0;

   MeshNormals {
    0;
    0;
   }

   MeshMaterialList {
    0;
    0;
   }

   XSkinMeshHeader {
    0;
    0;
    0;
   }
  }

  Frame F185_ROOT {

   FrameTransformMatrix {
    0.234730,-0.034695,-0.971441,0.000000,0.113143,0.993545,-0.008146,0.000000,0.965454,-0.107999,0.237140,0.000000,0.000000,0.837001,0.000000,1.000000;;
   }

   Frame F4_CTRL_C_Root {

    FrameTransformMatrix {
     1.000000,0.000000,0.000000,0.000000,0.000000,1.000000,0.000000,0.000000,0.000000,-0.000000,1.000000,0.000000,0.000000,0.000000,0.001160,1.000000;;
    }

    Frame F6_CTRL_C_Waist {

     FrameTransformMatrix {
      0.999560,-0.009178,0.028223,0.000000,0.029627,0.364506,-0.930730,0.000000,-0.001745,0.931156,0.364618,0.000000,0.000000,0.017472,-0.083507,1.000000;;
     }

     Frame F60_EFCT_C_Waist {

      FrameTransformMatrix {
       0.999889,-0.014854,0.001080,0.000000,0.014816,0.999466,0.029135,0.000000,-0.001512,-0.029115,0.999575,0.000000,0.000000,0.000000,0.041500,1.000000;;
      }

      Frame F2_CTRL_C_Back {

       FrameTransformMatrix {
        0.999319,-0.019231,0.031492,0.000000,0.027876,0.952636,-0.302832,0.000000,-0.024176,0.303503,0.952524,0.000000,0.000000,-0.000000,0.074879,1.000000;;
       }

       Frame F55_EFCT_C_Back {

        FrameTransformMatrix {
         0.996417,-0.035481,0.076769,0.000000,0.027526,0.994372,0.102305,0.000000,-0.079967,-0.099826,0.991786,0.000000,0.000000,0.000000,0.031953,1.000000;;
        }

        Frame F18_CTRL_L_Shoulder0 {

         FrameTransformMatrix {
          0.198623,-0.963736,-0.178217,0.000000,-0.011376,-0.184095,0.982843,0.000000,-0.980010,-0.193187,-0.047529,0.000000,-0.000000,-0.000000,0.227496,1.000000;;
         }

         Frame F19_CTRL_L_Shoulder1 {

          FrameTransformMatrix {
           0.995962,0.034585,0.082842,0.000000,-0.029202,0.997436,-0.065333,0.000000,-0.084890,0.062650,0.994419,0.000000,0.000000,-0.000000,0.098319,1.000000;;
          }

          Frame F20_CTRL_L_Shoulder2 {

           FrameTransformMatrix {
            0.999851,0.017239,0.000000,0.000000,-0.017239,0.999851,-0.000000,0.000000,-0.000000,0.000000,1.000000,0.000000,-0.000000,0.000000,0.031248,1.000000;;
           }

           Frame F21_CTRL_L_Shoulder3 {

            FrameTransformMatrix {
             1.000000,0.000000,0.000000,0.000000,-0.000000,0.290704,0.956813,0.000000,0.000000,-0.956813,0.290704,0.000000,-0.000000,0.000000,0.012499,1.000000;;
            }

            Frame F26_CTRL_L_Upperarm {

             FrameTransformMatrix {
              0.688355,0.725330,0.007925,0.000000,-0.725374,0.688314,0.007521,0.000000,0.000000,-0.010926,0.999940,0.000000,0.019999,-0.008000,0.031248,1.000000;;
             }

             Frame F8_CTRL_L_Elbow {

              FrameTransformMatrix {
               0.768506,-0.056179,-0.637371,0.000000,0.078952,0.996851,0.007333,0.000000,0.634952,-0.055957,0.770522,0.000000,0.007500,-0.002172,0.213023,1.000000;;
              }

              Frame F16_CTRL_L_Lowerarm {

               FrameTransformMatrix {
                0.617410,-0.767540,-0.172298,0.000000,0.749214,0.640513,-0.168585,0.000000,0.239755,-0.025002,0.970512,0.000000,-0.000000,0.000000,0.033352,1.000000;;
               }

               Frame F27_CTRL_L_Wrist {

                FrameTransformMatrix {
                 0.969118,-0.011423,-0.246331,0.000000,-0.111504,0.870673,-0.479056,0.000000,0.219946,0.491729,0.842512,0.000000,-0.000000,0.000000,0.203161,1.000000;;
                }

                Frame F9_CTRL_L_Finger0 {

                 FrameTransformMatrix {
                  -0.078377,-0.984679,-0.155768,0.000000,0.856300,0.013516,-0.516302,0.000000,0.510497,-0.173850,0.842122,0.000000,0.025623,-0.012299,0.017424,1.000000;;
                 }

                 Frame F71_EFCT_L_Finger00 {

                  FrameTransformMatrix {
                   0.995963,0.000678,0.089757,0.000000,-0.012236,0.991662,0.128283,0.000000,-0.088922,-0.128863,0.987668,0.000000,0.000000,-0.000000,0.036072,1.000000;;
                  }

                  Frame F72_EFCT_L_Finger01 {

                   FrameTransformMatrix {
                    0.997719,-0.038533,0.055429,0.000000,0.039435,0.999106,-0.015261,0.000000,-0.054792,0.017412,0.998346,0.000000,-0.000000,0.000000,0.027271,1.000000;;
                   }
                  }
                 }
                }

                Frame F10_CTRL_L_Finger1 {

                 FrameTransformMatrix {
                  0.956552,-0.130115,-0.260917,0.000000,0.163676,0.980223,0.111236,0.000000,0.241283,-0.149109,0.958931,0.000000,0.024086,-0.006150,0.077895,1.000000;;
                 }

                 Frame F73_EFCT_L_Finger10 {

                  FrameTransformMatrix {
                   0.993461,0.112403,0.020034,0.000000,-0.113292,0.992260,0.050840,0.000000,-0.014164,-0.052777,0.998506,0.000000,0.000000,0.000000,0.029154,1.000000;;
                  }

                  Frame F74_EFCT_L_Finger11 {

                   FrameTransformMatrix {
                    0.999801,-0.019853,-0.002072,0.000000,0.019942,0.997947,0.060859,0.000000,0.000860,-0.060888,0.998144,0.000000,-0.000000,-0.000000,0.021371,1.000000;;
                   }
                  }
                 }
                }

                Frame F11_CTRL_L_Finger2 {

                 FrameTransformMatrix {
                  0.999833,-0.009320,0.015738,0.000000,0.006010,0.980063,0.198595,0.000000,-0.017276,-0.198467,0.979955,0.000000,0.008712,-0.005637,0.079945,1.000000;;
                 }

                 Frame F75_EFCT_L_Finger20 {

                  FrameTransformMatrix {
                   0.999806,0.019372,0.003540,0.000000,-0.019685,0.988032,0.152987,0.000000,-0.000534,-0.153027,0.988222,0.000000,0.000000,0.000000,0.031524,1.000000;;
                  }

                  Frame F76_EFCT_L_Finger21 {

                   FrameTransformMatrix {
                    0.999896,0.000949,0.014392,0.000000,-0.002030,0.997161,0.075277,0.000000,-0.014280,-0.075298,0.997059,0.000000,0.000000,-0.000000,0.022604,1.000000;;
                   }
                  }
                 }
                }

                Frame F12_CTRL_L_Finger3 {

                 FrameTransformMatrix {
                  0.975045,0.127927,0.181446,0.000000,-0.165942,0.962889,0.212858,0.000000,-0.147482,-0.237656,0.960088,0.000000,-0.010762,-0.005125,0.077382,1.000000;;
                 }

                 Frame F77_EFCT_L_Finger30 {

                  FrameTransformMatrix {
                   0.999874,0.001633,-0.015784,0.000000,0.000600,0.990088,0.140444,0.000000,0.015857,-0.140436,0.989963,0.000000,0.000000,0.000000,0.029179,1.000000;;
                  }

                  Frame F78_EFCT_L_Finger31 {

                   FrameTransformMatrix {
                    0.999611,0.019236,0.020198,0.000000,-0.021261,0.994206,0.105366,0.000000,-0.018054,-0.105754,0.994228,0.000000,0.000000,-0.000000,0.022621,1.000000;;
                   }
                  }
                 }
                }

                Frame F13_CTRL_L_Finger4 {

                 FrameTransformMatrix {
                  0.931074,0.142266,0.335950,0.000000,-0.236235,0.936819,0.258000,0.000000,-0.278020,-0.319580,0.905855,0.000000,-0.026298,-0.005637,0.071120,1.000000;;
                 }

                 Frame F79_EFCT_L_Finger40 {

                  FrameTransformMatrix {
                   0.993987,0.098256,-0.048330,0.000000,-0.083697,0.966349,0.243238,0.000000,0.070603,-0.237730,0.968762,0.000000,0.000000,-0.000000,0.025484,1.000000;;
                  }

                  Frame F80_EFCT_L_Finger41 {

                   FrameTransformMatrix {
                    0.997436,-0.069632,0.016536,0.000000,0.066073,0.984716,0.161149,0.000000,-0.027505,-0.159643,0.986792,0.000000,-0.000000,-0.000000,0.016488,1.000000;;
                   }
                  }
                 }
                }
               }

               Frame F121_EFCT_L_Wrist0 {

                FrameTransformMatrix {
                 0.998605,-0.002843,-0.052717,0.000000,-0.003826,0.992027,-0.125965,0.000000,0.052655,0.125991,0.990633,0.000000,-0.000000,0.000000,0.203161,1.000000;;
                }
               }

               Frame F122_EFCT_L_Wrist1 {

                FrameTransformMatrix {
                 0.998605,-0.002843,-0.052717,0.000000,-0.012177,0.959221,-0.282394,0.000000,0.051370,0.282642,0.957849,0.000000,-0.000000,0.000000,0.203161,1.000000;;
                }
               }
              }

              Frame F89_EFCT_L_Lowerarm0 {

               FrameTransformMatrix {
                0.958055,-0.157565,-0.239381,0.000000,0.157487,0.987327,-0.019580,0.000000,0.239433,-0.018940,0.970728,0.000000,-0.000000,0.000000,0.033352,1.000000;;
               }
              }

              Frame F90_EFCT_L_Lowerarm1 {

               FrameTransformMatrix {
                0.915290,-0.330125,-0.230786,0.000000,0.325093,0.943735,-0.060647,0.000000,0.237822,-0.019517,0.971113,0.000000,-0.000000,0.000000,0.033352,1.000000;;
               }
              }

              Frame F91_EFCT_L_Lowerarm2 {

               FrameTransformMatrix {
                0.881726,-0.415721,-0.223016,0.000000,0.408218,0.909281,-0.081032,0.000000,0.236471,-0.019591,0.971441,0.000000,-0.000000,0.000000,0.033352,1.000000;;
               }
              }

              Frame F92_EFCT_L_Lowerarm3 {

               FrameTransformMatrix {
                0.842317,-0.495026,-0.213194,0.000000,0.485012,0.868681,-0.100782,0.000000,0.235087,-0.018511,0.971798,0.000000,-0.000000,0.000000,0.033352,1.000000;;
               }
              }

              Frame F93_EFCT_L_Lowerarm4 {

               FrameTransformMatrix {
                0.761271,-0.616317,-0.201546,0.000000,0.602321,0.787225,-0.132234,0.000000,0.240160,-0.020729,0.970512,0.000000,-0.000000,0.000000,0.033352,1.000000;;
               }
              }
             }

             Frame F68_EFCT_L_Elbow0 {

              FrameTransformMatrix {
               0.443072,0.009795,0.896433,0.000000,-0.000001,0.999940,-0.010926,0.000000,-0.896486,0.004840,0.443046,0.000000,0.007500,-0.002172,0.213023,1.000000;;
              }
             }

             Frame F69_EFCT_L_Elbow1 {

              FrameTransformMatrix {
               0.443072,0.009795,0.896433,0.000000,-0.000001,0.999940,-0.010926,0.000000,-0.896486,0.004840,0.443046,0.000000,0.007500,-0.002172,0.213023,1.000000;;
              }
             }

             Frame F70_EFCT_L_Elbow2 {

              FrameTransformMatrix {
               -0.443072,-0.009794,-0.896433,0.000000,-0.000001,0.999940,-0.010925,0.000000,0.896486,-0.004840,-0.443045,0.000000,0.007500,-0.002172,0.213023,1.000000;;
              }
             }
            }

            Frame F117_EFCT_L_Upperarm0 {

             FrameTransformMatrix {
              0.976672,0.214730,0.001562,0.000000,-0.214735,0.976646,0.007105,0.000000,0.000000,-0.007274,0.999974,0.000000,0.019999,-0.008000,0.031248,1.000000;;
             }
            }

            Frame F118_EFCT_L_Upperarm1 {

             FrameTransformMatrix {
              0.938794,0.344453,0.004223,0.000000,-0.344479,0.938723,0.011509,0.000000,0.000000,-0.012259,0.999925,0.000000,0.019999,-0.008000,0.031248,1.000000;;
             }
            }

            Frame F119_EFCT_L_Upperarm2 {

             FrameTransformMatrix {
              0.896084,0.443851,0.005406,0.000000,-0.443884,0.896018,0.010914,0.000000,0.000000,-0.012180,0.999926,0.000000,0.019999,-0.008000,0.031248,1.000000;;
             }
            }

            Frame F120_EFCT_L_Upperarm3 {

             FrameTransformMatrix {
              0.800601,0.599155,0.007184,0.000000,-0.599198,0.800543,0.009599,0.000000,0.000000,-0.011990,0.999928,0.000000,0.019999,-0.008000,0.031248,1.000000;;
             }
            }
           }

           Frame F106_EFCT_L_Shoulder30 {

            FrameTransformMatrix {
             1.000000,-0.000000,0.000000,0.000000,0.000000,0.746838,-0.665005,0.000000,0.000000,0.665006,0.746838,0.000000,-0.000000,0.000000,0.012499,1.000000;;
            }
           }

           Frame F107_EFCT_L_Shoulder31 {

            FrameTransformMatrix {
             1.000000,0.000000,0.000000,0.000000,0.000000,-0.409830,0.912162,0.000000,0.000000,-0.912162,-0.409830,0.000000,-0.000000,0.000000,0.012499,1.000000;;
            }
           }

           Frame F108_EFCT_L_Shoulder32 {

            FrameTransformMatrix {
             1.000000,-0.000000,0.000000,0.000000,0.000000,0.746838,-0.665005,0.000000,0.000000,0.665006,0.746838,0.000000,-0.000000,0.000000,0.012499,1.000000;;
            }
           }

           Frame F109_EFCT_L_Shoulder33 {

            FrameTransformMatrix {
             1.000000,0.000000,0.000000,0.000000,0.000000,-0.411897,0.911231,0.000000,0.000000,-0.911231,-0.411897,0.000000,-0.000000,0.000000,0.012499,1.000000;;
            }
           }
          }
         }

         Frame F100_EFCT_L_Shoulder10 {

          FrameTransformMatrix {
           0.996192,0.025243,0.083451,0.000000,-0.019873,0.997716,-0.064554,0.000000,-0.084890,0.062650,0.994419,0.000000,0.000000,-0.000000,0.098319,1.000000;;
          }

          Frame F102_EFCT_L_Shoulder20 {

           FrameTransformMatrix {
            -0.438181,-0.007555,0.898855,0.000000,-0.017239,0.999851,0.000000,0.000000,-0.898721,-0.015495,-0.438246,0.000000,-0.000000,0.000000,0.031236,1.000000;;
           }
          }

          Frame F103_EFCT_L_Shoulder21 {

           FrameTransformMatrix {
            -0.276469,-0.004767,-0.961011,0.000000,-0.017239,0.999851,0.000000,0.000000,0.960868,0.016567,-0.276510,0.000000,-0.000000,0.000000,0.031236,1.000000;;
           }
          }
         }

         Frame F101_EFCT_L_Shoulder11 {

          FrameTransformMatrix {
           0.996260,0.021505,0.083692,0.000000,-0.016141,0.997804,-0.064241,0.000000,-0.084890,0.062650,0.994419,0.000000,0.000000,-0.000000,0.098319,1.000000;;
          }

          Frame F104_EFCT_L_Shoulder22 {

           FrameTransformMatrix {
            -0.437811,-0.007549,0.899035,0.000000,-0.017239,0.999851,-0.000000,0.000000,-0.898902,-0.015498,-0.437876,0.000000,-0.000000,0.000000,0.031242,1.000000;;
           }
          }

          Frame F105_EFCT_L_Shoulder23 {

           FrameTransformMatrix {
            -0.272352,-0.004696,-0.962186,0.000000,-0.017239,0.999851,-0.000000,0.000000,0.962043,0.016587,-0.272392,0.000000,-0.000000,0.000000,0.031242,1.000000;;
           }
          }
         }
        }

        Frame F39_CTRL_R_Shoulder0 {

         FrameTransformMatrix {
          0.167803,0.969018,0.181236,0.000000,0.016236,-0.186534,0.982314,0.000000,0.985687,-0.161893,-0.047034,0.000000,0.000000,-0.000000,0.227496,1.000000;;
         }

         Frame F40_CTRL_R_Shoulder1 {

          FrameTransformMatrix {
           0.936423,-0.346023,-0.058139,0.000000,0.340450,0.936132,-0.088040,0.000000,0.084890,0.062650,0.994419,0.000000,-0.000000,-0.000000,0.098319,1.000000;;
          }

          Frame F41_CTRL_R_Shoulder2 {

           FrameTransformMatrix {
            0.999851,-0.017239,-0.000000,0.000000,0.017239,0.999851,-0.000000,0.000000,0.000000,0.000000,1.000000,0.000000,0.000000,0.000000,0.031248,1.000000;;
           }

           Frame F42_CTRL_R_Shoulder3 {

            FrameTransformMatrix {
             1.000000,-0.000000,-0.000000,0.000000,0.000000,0.389124,0.921185,0.000000,-0.000000,-0.921185,0.389124,0.000000,0.000000,0.000000,0.012499,1.000000;;
            }

            Frame F47_CTRL_R_Upperarm {

             FrameTransformMatrix {
              0.857167,0.515008,0.005627,0.000000,-0.515039,0.857116,0.009365,0.000000,-0.000000,-0.010926,0.999940,0.000000,-0.019999,-0.008000,0.031248,1.000000;;
             }

             Frame F29_CTRL_R_Elbow {

              FrameTransformMatrix {
               -0.650906,-0.057122,0.757006,0.000000,-0.078952,0.996851,0.007333,0.000000,-0.755041,-0.054994,-0.653367,0.000000,-0.007500,-0.002172,0.213023,1.000000;;
              }

              Frame F37_CTRL_R_Lowerarm {

               FrameTransformMatrix {
                0.967852,-0.084435,0.236923,0.000000,0.076022,0.996115,0.044442,0.000000,-0.239755,-0.025002,0.970512,0.000000,0.000000,0.000000,0.033352,1.000000;;
               }

               Frame F48_CTRL_R_Wrist {

                FrameTransformMatrix {
                 0.969118,0.011423,0.246331,0.000000,-0.048390,0.988314,0.144547,0.000000,-0.241801,-0.152003,0.958346,0.000000,0.000000,0.000000,0.203161,1.000000;;
                }

                Frame F30_CTRL_R_Finger0 {

                 FrameTransformMatrix {
                  -0.225830,0.889234,0.397824,0.000000,-0.880893,-0.012030,-0.473162,0.000000,-0.415966,-0.457294,0.786037,0.000000,-0.025623,-0.012299,0.017424,1.000000;;
                 }

                 Frame F133_EFCT_R_Finger00 {

                  FrameTransformMatrix {
                   0.995963,-0.000678,-0.089757,0.000000,0.026894,0.956285,0.291199,0.000000,0.085636,-0.292437,0.952443,0.000000,-0.000000,-0.000000,0.036072,1.000000;;
                  }

                  Frame F134_EFCT_R_Finger01 {

                   FrameTransformMatrix {
                    0.997719,0.038533,-0.055429,0.000000,-0.011889,0.908549,0.417608,0.000000,0.066452,-0.415996,0.906935,0.000000,0.000000,0.000000,0.027271,1.000000;;
                   }
                  }
                 }
                }

                Frame F31_CTRL_R_Finger1 {

                 FrameTransformMatrix {
                  0.956552,0.130115,0.260917,0.000000,-0.259438,0.788193,0.558072,0.000000,-0.133039,-0.601517,0.787704,0.000000,-0.024086,-0.006150,0.077895,1.000000;;
                 }

                 Frame F135_EFCT_R_Finger10 {

                  FrameTransformMatrix {
                   0.993461,-0.112403,-0.020034,0.000000,0.092458,0.689075,0.718768,0.000000,-0.066987,-0.715920,0.694961,0.000000,-0.000000,0.000000,0.029154,1.000000;;
                  }

                  Frame F136_EFCT_R_Finger11 {

                   FrameTransformMatrix {
                    0.999801,0.019853,0.002072,0.000000,-0.019123,0.922862,0.384656,0.000000,0.005724,-0.384619,0.923057,0.000000,0.000000,-0.000000,0.021371,1.000000;;
                   }
                  }
                 }
                }

                Frame F32_CTRL_R_Finger2 {

                 FrameTransformMatrix {
                  0.999833,0.009320,-0.015738,0.000000,0.004740,0.699036,0.715071,0.000000,0.017666,-0.715026,0.698875,0.000000,-0.008712,-0.005637,0.079945,1.000000;;
                 }

                 Frame F137_EFCT_R_Finger20 {

                  FrameTransformMatrix {
                   0.999806,-0.019372,-0.003540,0.000000,0.012725,0.498333,0.866892,0.000000,-0.015029,-0.866769,0.498483,0.000000,-0.000000,0.000000,0.031524,1.000000;;
                  }

                  Frame F138_EFCT_R_Finger21 {

                   FrameTransformMatrix {
                    0.999896,-0.000949,-0.014392,0.000000,0.007405,0.890066,0.455771,0.000000,0.012378,-0.455830,0.889981,0.000000,-0.000000,-0.000000,0.022604,1.000000;;
                   }
                  }
                 }
                }

                Frame F33_CTRL_R_Finger3 {

                 FrameTransformMatrix {
                  0.975045,-0.127927,-0.181446,0.000000,0.221539,0.613812,0.757731,0.000000,0.014440,-0.779019,0.626834,0.000000,0.010762,-0.005125,0.077382,1.000000;;
                 }

                 Frame F139_EFCT_R_Finger30 {

                  FrameTransformMatrix {
                   0.999874,-0.001633,0.015784,0.000000,-0.013604,0.423834,0.905638,0.000000,-0.008168,-0.905738,0.423758,0.000000,-0.000000,0.000000,0.029179,1.000000;;
                  }

                  Frame F140_EFCT_R_Finger31 {

                   FrameTransformMatrix {
                    0.999611,-0.019236,-0.020198,0.000000,0.026933,0.853952,0.519654,0.000000,0.007252,-0.519995,0.854138,0.000000,-0.000000,-0.000000,0.022621,1.000000;;
                   }
                  }
                 }
                }

                Frame F34_CTRL_R_Finger4 {

                 FrameTransformMatrix {
                  0.931074,-0.142266,-0.335950,0.000000,0.352326,0.589659,0.726752,0.000000,0.094704,-0.795023,0.599140,0.000000,0.026298,-0.005637,0.071120,1.000000;;
                 }

                 Frame F141_EFCT_R_Finger40 {

                  FrameTransformMatrix {
                   0.993987,-0.098256,0.048330,0.000000,-0.003916,0.409196,0.912438,0.000000,-0.109429,-0.907141,0.406351,0.000000,-0.000000,-0.000000,0.025484,1.000000;;
                  }

                  Frame F142_EFCT_R_Finger41 {

                   FrameTransformMatrix {
                    0.997436,0.069632,-0.016536,0.000000,-0.050014,0.843440,0.534891,0.000000,0.051193,-0.532692,0.844760,0.000000,0.000000,-0.000000,0.016488,1.000000;;
                   }
                  }
                 }
                }
               }

               Frame F183_EFCT_R_Wrist0 {

                FrameTransformMatrix {
                 0.998605,0.002843,0.052717,0.000000,-0.004751,0.999336,0.036112,0.000000,-0.052579,-0.036312,0.997956,0.000000,0.000000,0.000000,0.203161,1.000000;;
                }
               }

               Frame F184_EFCT_R_Wrist1 {

                FrameTransformMatrix {
                 0.998605,0.002843,0.052717,0.000000,-0.005350,0.998858,0.047479,0.000000,-0.052522,-0.047694,0.997480,0.000000,0.000000,0.000000,0.203161,1.000000;;
                }
               }
              }

              Frame F151_EFCT_R_Lowerarm0 {

               FrameTransformMatrix {
                0.968111,-0.080561,0.237215,0.000000,0.073710,0.996570,0.037625,0.000000,-0.239433,-0.018940,0.970728,0.000000,0.000000,0.000000,0.033352,1.000000;;
               }
              }

              Frame F152_EFCT_R_Lowerarm1 {

               FrameTransformMatrix {
                0.968444,-0.081495,0.235531,0.000000,0.074543,0.996483,0.038283,0.000000,-0.237822,-0.019517,0.971113,0.000000,0.000000,0.000000,0.033352,1.000000;;
               }
              }

              Frame F153_EFCT_R_Lowerarm2 {

               FrameTransformMatrix {
                0.968737,-0.081966,0.234159,0.000000,0.075037,0.996443,0.038361,0.000000,-0.236471,-0.019591,0.971441,0.000000,0.000000,0.000000,0.033352,1.000000;;
               }
              }

              Frame F154_EFCT_R_Lowerarm3 {

               FrameTransformMatrix {
                0.969015,-0.082420,0.232844,0.000000,0.075786,0.996426,0.037314,0.000000,-0.235087,-0.018511,0.971798,0.000000,0.000000,0.000000,0.033352,1.000000;;
               }
              }

              Frame F155_EFCT_R_Lowerarm4 {

               FrameTransformMatrix {
                0.967757,-0.083340,0.237698,0.000000,0.075955,0.996306,0.040076,0.000000,-0.240160,-0.020729,0.970512,0.000000,0.000000,0.000000,0.033352,1.000000;;
               }
              }
             }

             Frame F130_EFCT_R_Elbow0 {

              FrameTransformMatrix {
               0.950516,-0.003395,-0.310658,0.000000,0.000001,0.999940,-0.010926,0.000000,0.310676,0.010385,0.950459,0.000000,-0.007500,-0.002172,0.213023,1.000000;;
              }
             }

             Frame F131_EFCT_R_Elbow1 {

              FrameTransformMatrix {
               0.950516,-0.003395,-0.310658,0.000000,0.000001,0.999940,-0.010926,0.000000,0.310676,0.010385,0.950459,0.000000,-0.007500,-0.002172,0.213023,1.000000;;
              }
             }

             Frame F132_EFCT_R_Elbow2 {

              FrameTransformMatrix {
               -0.950516,0.003395,0.310658,0.000000,0.000001,0.999940,-0.010925,0.000000,-0.310677,-0.010384,-0.950459,0.000000,-0.007500,-0.002172,0.213023,1.000000;;
              }
             }
            }

            Frame F179_EFCT_R_Upperarm0 {

             FrameTransformMatrix {
              0.989610,0.143777,0.001046,0.000000,-0.143780,0.989583,0.007199,0.000000,-0.000000,-0.007274,0.999974,0.000000,-0.019999,-0.008000,0.031248,1.000000;;
             }
            }

            Frame F180_EFCT_R_Upperarm1 {

             FrameTransformMatrix {
              0.972641,0.232296,0.002848,0.000000,-0.232314,0.972568,0.011924,0.000000,-0.000000,-0.012259,0.999925,0.000000,-0.019999,-0.008000,0.031248,1.000000;;
             }
            }

            Frame F181_EFCT_R_Upperarm2 {

             FrameTransformMatrix {
              0.953377,0.301760,0.003676,0.000000,-0.301783,0.953306,0.011612,0.000000,-0.000000,-0.012180,0.999926,0.000000,-0.019999,-0.008000,0.031248,1.000000;;
             }
            }

            Frame F182_EFCT_R_Upperarm3 {

             FrameTransformMatrix {
              0.909659,0.415325,0.004980,0.000000,-0.415355,0.909594,0.010907,0.000000,-0.000000,-0.011990,0.999928,0.000000,-0.019999,-0.008000,0.031248,1.000000;;
             }
            }
           }

           Frame F168_EFCT_R_Shoulder30 {

            FrameTransformMatrix {
             1.000000,0.000000,0.000000,0.000000,-0.000000,0.699058,-0.715065,0.000000,-0.000000,0.715065,0.699058,0.000000,0.000000,0.000000,0.012499,1.000000;;
            }
           }

           Frame F169_EFCT_R_Shoulder31 {

            FrameTransformMatrix {
             1.000000,-0.000000,-0.000000,0.000000,-0.000000,-0.363553,0.931573,0.000000,-0.000000,-0.931573,-0.363553,0.000000,0.000000,0.000000,0.012499,1.000000;;
            }
           }

           Frame F170_EFCT_R_Shoulder32 {

            FrameTransformMatrix {
             1.000000,0.000000,0.000000,0.000000,-0.000000,0.699058,-0.715065,0.000000,-0.000000,0.715065,0.699058,0.000000,0.000000,0.000000,0.012499,1.000000;;
            }
           }

           Frame F171_EFCT_R_Shoulder33 {

            FrameTransformMatrix {
             1.000000,-0.000000,-0.000000,0.000000,-0.000000,-0.366378,0.930466,0.000000,-0.000000,-0.930466,-0.366378,0.000000,0.000000,0.000000,0.012499,1.000000;;
            }
           }
          }
         }

         Frame F162_EFCT_R_Shoulder10 {

          FrameTransformMatrix {
           0.962532,-0.263117,-0.065591,0.000000,0.257539,0.962728,-0.082638,0.000000,0.084890,0.062650,0.994419,0.000000,-0.000000,-0.000000,0.098319,1.000000;;
          }

          Frame F164_EFCT_R_Shoulder20 {

           FrameTransformMatrix {
            -0.438181,0.007555,-0.898855,0.000000,0.017239,0.999851,0.000000,0.000000,0.898721,-0.015495,-0.438246,0.000000,0.000000,0.000000,0.031236,1.000000;;
           }
          }

          Frame F165_EFCT_R_Shoulder21 {

           FrameTransformMatrix {
            -0.276469,0.004767,0.961011,0.000000,0.017239,0.999851,0.000000,0.000000,-0.960868,0.016567,-0.276510,0.000000,0.000000,0.000000,0.031236,1.000000;;
           }
          }
         }

         Frame F163_EFCT_R_Shoulder11 {

          FrameTransformMatrix {
           0.970933,-0.229358,-0.068435,0.000000,0.223791,0.971324,-0.080299,0.000000,0.084890,0.062650,0.994419,0.000000,-0.000000,-0.000000,0.098319,1.000000;;
          }

          Frame F166_EFCT_R_Shoulder22 {

           FrameTransformMatrix {
            -0.437811,0.007549,-0.899035,0.000000,0.017239,0.999851,-0.000000,0.000000,0.898902,-0.015498,-0.437876,0.000000,0.000000,0.000000,0.031242,1.000000;;
           }
          }

          Frame F167_EFCT_R_Shoulder23 {

           FrameTransformMatrix {
            -0.272352,0.004696,0.962186,0.000000,0.017239,0.999851,-0.000000,0.000000,-0.962043,0.016587,-0.272392,0.000000,0.000000,0.000000,0.031242,1.000000;;
           }
          }
         }
        }

        Frame F49_DEST_C_Head {

         FrameTransformMatrix {
          0.344022,-0.904299,0.252767,0.000000,-0.093306,0.234943,0.967521,0.000000,-0.934314,-0.356433,-0.003551,0.000000,0.000000,-0.029922,0.361656,1.000000;;
         }

         Frame F54_DMYF_C_Head {

          FrameTransformMatrix {
           1.000000,0.000000,0.000000,0.000000,0.000000,1.000000,0.000000,0.000000,0.000000,-0.000000,1.000000,0.000000,0.000000,-0.000000,0.160161,1.000000;;
          }
         }
        }

        Frame F58_EFCT_C_Neck0 {

         FrameTransformMatrix {
          0.794338,-0.596594,-0.114465,0.000000,0.592779,0.720039,0.360773,0.000000,-0.132816,-0.354429,0.925603,0.000000,0.000000,-0.000000,0.227496,1.000000;;
         }

         Frame F56_EFCT_C_Head0 {

          FrameTransformMatrix {
           0.776654,-0.397451,0.488713,0.000000,-0.275013,0.484048,0.830702,0.000000,-0.566724,-0.779571,0.266633,0.000000,0.000000,0.000000,0.082302,1.000000;;
          }

          Frame F3_CTRL_C_Lowerlip {

           FrameTransformMatrix {
            1.000000,0.000000,0.000000,0.000000,0.000000,0.956212,0.292676,0.000000,0.000000,-0.292676,0.956212,0.000000,0.000000,0.010721,0.048225,1.000000;;
           }
          }

          Frame F5_CTRL_C_Upperlip {

           FrameTransformMatrix {
            1.000000,0.000000,0.000000,0.000000,0.000000,0.999270,0.038208,0.000000,0.000000,-0.038208,0.999270,0.000000,0.000000,0.010721,0.048225,1.000000;;
           }
          }

          Frame F15_CTRL_L_Lipside {

           FrameTransformMatrix {
            0.924344,0.004021,0.381540,0.000000,-0.069017,0.985212,0.156823,0.000000,-0.375267,-0.171291,0.910952,0.000000,-0.000000,0.010721,0.048225,1.000000;;
           }
          }

          Frame F36_CTRL_R_Lipside {

           FrameTransformMatrix {
            0.924344,-0.004021,-0.381540,0.000000,0.069017,0.985212,0.156823,0.000000,0.375267,-0.171291,0.910952,0.000000,0.000000,0.010721,0.048225,1.000000;;
           }
          }
         }

         Frame F57_EFCT_C_Head1 {

          FrameTransformMatrix {
           0.958646,-0.043977,0.281183,0.000000,-0.242798,0.389078,0.888632,0.000000,-0.148481,-0.920154,0.362311,0.000000,0.000000,0.000000,0.082302,1.000000;;
          }
         }
        }

        Frame F59_EFCT_C_Neck1 {

         FrameTransformMatrix {
          0.985863,-0.163806,-0.035251,0.000000,0.156959,0.829206,0.536453,0.000000,-0.058644,-0.534402,0.843194,0.000000,0.000000,-0.000000,0.227496,1.000000;;
         }
        }

        Frame F64_EFCT_L_Breast {

         FrameTransformMatrix {
          1.000000,-0.000000,-0.000000,0.000000,-0.000000,-0.052154,0.998639,0.000000,-0.000000,-0.998639,-0.052154,0.000000,-0.056939,0.088340,0.067526,1.000000;;
         }

         Frame F50_DEST_L_Breast0 {

          FrameTransformMatrix {
           1.000000,-0.000000,-0.000000,0.000000,0.000000,0.999231,-0.039218,0.000000,0.000000,0.039218,0.999231,0.000000,0.000000,0.000000,0.047208,1.000000;;
          }

          Frame F51_DEST_L_Breast1 {

           FrameTransformMatrix {
            0.999234,-0.019292,0.034043,0.000000,0.024649,0.986034,-0.164712,0.000000,-0.030389,0.165425,0.985754,0.000000,-0.000000,0.000000,0.098890,1.000000;;
           }
          }
         }
        }

        Frame F99_EFCT_L_Shoulder0 {

         FrameTransformMatrix {
          0.149739,-0.971342,-0.184590,0.000000,-0.039006,-0.192353,0.980550,0.000000,-0.987956,-0.139626,-0.066691,0.000000,-0.000000,-0.000000,0.227496,1.000000;;
         }
        }

        Frame F126_EFCT_R_Breast {

         FrameTransformMatrix {
          1.000000,0.000000,0.000000,0.000000,0.000000,-0.053199,0.998584,0.000000,0.000000,-0.998584,-0.053199,0.000000,0.056939,0.088340,0.067526,1.000000;;
         }

         Frame F52_DEST_R_Breast0 {

          FrameTransformMatrix {
           1.000000,0.000000,0.000000,0.000000,-0.000000,0.999231,-0.039218,0.000000,-0.000000,0.039218,0.999231,0.000000,-0.000000,0.000000,0.047208,1.000000;;
          }

          Frame F53_DEST_R_Breast1 {

           FrameTransformMatrix {
            0.999234,0.019292,-0.034043,0.000000,-0.024649,0.986034,-0.164712,0.000000,0.030389,0.165425,0.985754,0.000000,0.000000,0.000000,0.098890,1.000000;;
           }
          }
         }
        }

        Frame F161_EFCT_R_Shoulder0 {

         FrameTransformMatrix {
          0.134214,0.973367,0.185857,0.000000,0.040527,-0.192788,0.980403,0.000000,0.990123,-0.124051,-0.065322,0.000000,0.000000,-0.000000,0.227496,1.000000;;
         }
        }
       }
      }
     }
    }

    Frame F23_CTRL_L_ThighPivot0 {

     FrameTransformMatrix {
      0.911403,0.000000,0.411514,0.000000,-0.411514,0.000000,0.911403,0.000000,0.000000,-1.000000,0.000000,0.000000,-0.119488,-0.048384,-0.011912,1.000000;;
     }

     Frame F24_CTRL_L_ThighPivot1 {

      FrameTransformMatrix {
       0.997564,-0.000000,0.069757,0.000000,0.043899,0.777146,-0.627787,0.000000,-0.054211,0.629320,0.775253,0.000000,-0.000000,-0.000000,0.006720,1.000000;;
      }

      Frame F22_CTRL_L_Thigh {

       FrameTransformMatrix {
        0.956172,-0.291903,0.022954,0.000000,0.292358,0.956104,-0.019786,0.000000,-0.016171,0.025629,0.999541,0.000000,0.027408,0.000000,0.086016,1.000000;;
       }

       Frame F14_CTRL_L_Knee {

        FrameTransformMatrix {
         0.999477,0.031868,-0.005505,0.000000,-0.031303,0.996060,0.082976,0.000000,0.008127,-0.082760,0.996536,0.000000,-0.008070,-0.034014,0.295084,1.000000;;
        }

        Frame F17_CTRL_L_Shin {

         FrameTransformMatrix {
          0.999650,-0.026302,-0.002967,0.000000,0.021230,0.729762,0.683371,0.000000,-0.015809,-0.683195,0.730065,0.000000,-0.000000,-0.000000,0.041849,1.000000;;
         }

         Frame F7_CTRL_L_Ankle {

          FrameTransformMatrix {
           0.959665,0.006030,-0.281081,0.000000,-0.044960,0.990195,-0.132260,0.000000,0.277527,0.139563,0.950527,0.000000,0.000000,0.000000,0.347192,1.000000;;
          }

          Frame F25_CTRL_L_Toe {

           FrameTransformMatrix {
            0.971572,0.236717,-0.003558,0.000000,0.012643,-0.066885,-0.997681,0.000000,-0.236405,0.969274,-0.067977,0.000000,-0.006001,0.100069,0.078086,1.000000;;
           }
          }
         }

         Frame F61_EFCT_L_Ankle0 {

          FrameTransformMatrix {
           0.999999,0.000013,-0.001022,0.000000,-0.000067,0.998632,-0.052286,0.000000,0.001020,0.052286,0.998632,0.000000,0.000000,0.000000,0.347192,1.000000;;
          }
         }

         Frame F62_EFCT_L_Ankle1 {

          FrameTransformMatrix {
           0.999950,-0.000131,0.009985,0.000000,-0.000017,0.999890,0.014850,0.000000,-0.009986,-0.014850,0.999840,0.000000,0.000000,0.000000,0.347192,1.000000;;
          }
         }

         Frame F63_EFCT_L_Ankle2 {

          FrameTransformMatrix {
           0.965760,0.002507,-0.259427,0.000000,-0.033295,0.992882,-0.114353,0.000000,0.257293,0.119075,0.958969,0.000000,0.000000,0.000000,0.347192,1.000000;;
          }
         }
        }

        Frame F94_EFCT_L_Shin0 {

         FrameTransformMatrix {
          0.999777,-0.013834,-0.015940,0.000000,0.020913,0.751192,0.659753,0.000000,0.002847,-0.659939,0.751314,0.000000,-0.000000,-0.000000,0.041849,1.000000;;
         }
        }

        Frame F95_EFCT_L_Shin1 {

         FrameTransformMatrix {
          0.999627,-0.027191,-0.002371,0.000000,0.021817,0.743805,0.668041,0.000000,-0.016401,-0.667844,0.744121,0.000000,-0.000000,-0.000000,0.041849,1.000000;;
         }
        }

        Frame F96_EFCT_L_Shin2 {

         FrameTransformMatrix {
          0.999599,-0.028302,-0.001248,0.000000,0.021754,0.738612,0.673780,0.000000,-0.018148,-0.673537,0.738931,0.000000,-0.000000,-0.000000,0.041849,1.000000;;
         }
        }

        Frame F97_EFCT_L_Shin3 {

         FrameTransformMatrix {
          0.999576,-0.029108,-0.000433,0.000000,0.021692,0.734816,0.677920,0.000000,-0.019415,-0.677642,0.735136,0.000000,-0.000000,-0.000000,0.041849,1.000000;;
         }
        }

        Frame F98_EFCT_L_Shin4 {

         FrameTransformMatrix {
          0.999561,-0.029642,0.000106,0.000000,0.021644,0.732291,0.680648,0.000000,-0.020253,-0.680346,0.732611,0.000000,-0.000000,-0.000000,0.041849,1.000000;;
         }
        }
       }

       Frame F86_EFCT_L_Knee0 {

        FrameTransformMatrix {
         0.999794,0.012241,-0.016174,0.000000,-0.020050,0.475652,-0.879405,0.000000,-0.003072,0.879548,0.475799,0.000000,-0.008070,-0.034014,0.295084,1.000000;;
        }
       }

       Frame F87_EFCT_L_Knee1 {

        FrameTransformMatrix {
         0.999794,0.012241,-0.016174,0.000000,-0.019976,0.455751,-0.889883,0.000000,-0.003522,0.890023,0.455901,0.000000,-0.008070,-0.034014,0.295084,1.000000;;
        }
       }

       Frame F88_EFCT_L_Knee2 {

        FrameTransformMatrix {
         0.999794,0.012241,-0.016166,0.000000,0.020013,-0.467142,0.883956,0.000000,0.003268,-0.884098,-0.467291,0.000000,-0.008070,-0.034014,0.295084,1.000000;;
        }
       }
      }

      Frame F110_EFCT_L_Thigh0 {

       FrameTransformMatrix {
        0.998775,-0.043248,0.024054,0.000000,0.043918,0.998641,-0.028063,0.000000,-0.022808,0.029085,0.999317,0.000000,0.027408,0.000000,0.086016,1.000000;;
       }
      }

      Frame F111_EFCT_L_Thigh1 {

       FrameTransformMatrix {
        0.996692,-0.077960,0.022953,0.000000,0.078541,0.996582,-0.025618,0.000000,-0.020878,0.027336,0.999408,0.000000,0.027408,0.000000,0.086016,1.000000;;
       }
      }

      Frame F112_EFCT_L_Thigh2 {

       FrameTransformMatrix {
        0.990653,-0.134409,0.023276,0.000000,0.134969,0.990548,-0.024468,0.000000,-0.019767,0.027380,0.999430,0.000000,0.027408,0.000000,0.086016,1.000000;;
       }
      }

      Frame F113_EFCT_L_Thigh3 {

       FrameTransformMatrix {
        0.983724,-0.178160,0.023352,0.000000,0.178684,0.983645,-0.022672,0.000000,-0.018931,0.026476,0.999470,0.000000,0.027408,0.000000,0.086016,1.000000;;
       }
      }

      Frame F114_EFCT_L_Thigh4 {

       FrameTransformMatrix {
        0.971944,-0.233925,0.024569,0.000000,0.234475,0.971861,-0.022518,0.000000,-0.018610,0.027647,0.999444,0.000000,0.027408,0.000000,0.086016,1.000000;;
