xof 0303txt 0032

template XSkinMeshHeader {
 <3cf169ce-ff7c-44ab-93c0-f78f62d172e2>
 WORD nMaxSkinWeightsPerVertex;
 WORD nMaxSkinWeightsPerFace;
 WORD nBones;
}

template VertexDuplicationIndices {
 <b8d65549-d7c9-4995-89cf-53a9a8b031e3>
 DWORD nIndices;
 DWORD nOriginalVertices;
 array DWORD indices[nIndices];
}

template SkinWeights {
 <6f0d123b-bad2-4167-a0d0-80224f25fabb>
 STRING transformNodeName;
 DWORD nWeights;
 array DWORD vertexIndices[nWeights];
 array FLOAT weights[nWeights];
 Matrix4x4 matrixOffset;
}


Frame F_SCENE_ROOT {

 FrameTransformMatrix {
  1.000000,0.000000,0.000000,0.000000,0.000000,1.000000,0.000000,0.000000,0.000000,0.000000,1.000000,0.000000,0.000000,0.000000,0.000000,1.000000;;
 }

 Frame F1_NULL_Layer1 {

  FrameTransformMatrix {
   1.000000,0.000000,0.000000,0.000000,0.000000,1.000000,0.000000,0.000000,0.000000,0.000000,1.000000,0.000000,0.000000,0.000000,0.000000,1.000000;;
  }

  Mesh Mesh_NULL {
   0;
   0;

   MeshNormals {
    0;
    0;
   }

   MeshMaterialList {
    0;
    0;
   }

   XSkinMeshHeader {
    0;
    0;
    0;
   }
  }

  Frame F185_ROOT {

   FrameTransformMatrix {
    0.015396,0.073032,0.997211,0.000000,-0.076295,0.994507,-0.071656,0.000000,-0.996966,-0.074979,0.020883,0.000000,0.003200,0.368564,0.004472,1.000000;;
   }

   Frame F4_CTRL_C_Root {

    FrameTransformMatrix {
     1.000000,0.000000,0.000000,0.000000,0.000000,1.000000,0.000000,0.000000,0.000000,-0.000000,1.000000,0.000000,0.000000,0.000000,0.001160,1.000000;;
    }

    Frame F6_CTRL_C_Waist {

     FrameTransformMatrix {
      0.998022,0.018063,-0.060219,0.000000,-0.062845,0.313213,-0.947601,0.000000,0.001744,0.949511,0.313728,0.000000,0.000000,0.017472,-0.083507,1.000000;;
     }

     Frame F60_EFCT_C_Waist {

      FrameTransformMatrix {
       0.999504,0.031432,-0.001976,0.000000,-0.031458,0.999397,-0.014720,0.000000,0.001512,0.014775,0.999890,0.000000,0.000000,0.000000,0.041500,1.000000;;
      }

      Frame F2_CTRL_C_Back {

       FrameTransformMatrix {
        0.998115,0.044259,-0.042521,0.000000,-0.050375,0.986533,-0.155613,0.000000,0.035061,0.157462,0.986902,0.000000,0.000000,-0.000000,0.074879,1.000000;;
       }

       Frame F55_EFCT_C_Back {

        FrameTransformMatrix {
         0.992967,0.068999,-0.096201,0.000000,-0.036691,0.951948,0.304055,0.000000,0.112558,-0.298387,0.947785,0.000000,0.000000,0.000000,0.031953,1.000000;;
        }

        Frame F18_CTRL_L_Shoulder0 {

         FrameTransformMatrix {
          0.167803,-0.969018,-0.181236,0.000000,0.172141,-0.152217,0.973241,0.000000,-0.970675,-0.194511,0.141265,0.000000,-0.000000,-0.000000,0.227496,1.000000;;
         }

         Frame F19_CTRL_L_Shoulder1 {

          FrameTransformMatrix {
           0.994615,-0.054219,0.088322,0.000000,0.059449,0.996562,-0.057710,0.000000,-0.084890,0.062650,0.994419,0.000000,0.000000,-0.000000,0.098319,1.000000;;
          }

          Frame F20_CTRL_L_Shoulder2 {

           FrameTransformMatrix {
            0.999851,0.017239,0.000000,0.000000,-0.017239,0.999851,-0.000000,0.000000,-0.000000,0.000000,1.000000,0.000000,-0.000000,0.000000,0.031248,1.000000;;
           }

           Frame F21_CTRL_L_Shoulder3 {

            FrameTransformMatrix {
             1.000000,0.000000,0.000000,0.000000,-0.000000,0.034899,0.999391,0.000000,0.000000,-0.999391,0.034899,0.000000,-0.000000,0.000000,0.012499,1.000000;;
            }

            Frame F26_CTRL_L_Upperarm {

             FrameTransformMatrix {
              0.540241,0.841460,0.009194,0.000000,-0.841510,0.540209,0.005902,0.000000,0.000000,-0.010926,0.999940,0.000000,0.019999,-0.008000,0.031248,1.000000;;
             }

             Frame F8_CTRL_L_Elbow {

              FrameTransformMatrix {
               0.282063,-0.015283,-0.959274,0.000000,0.078952,0.996851,0.007333,0.000000,0.956142,-0.077805,0.282382,0.000000,0.007500,-0.002172,0.213023,1.000000;;
              }

              Frame F16_CTRL_L_Lowerarm {

               FrameTransformMatrix {
                0.565266,0.816336,-0.118613,0.000000,-0.789298,0.577035,0.209853,0.000000,0.239755,-0.025002,0.970512,0.000000,-0.000000,0.000000,0.033352,1.000000;;
               }

               Frame F27_CTRL_L_Wrist {

                FrameTransformMatrix {
                 0.969118,-0.011423,-0.246331,0.000000,0.121118,0.892184,0.435129,0.000000,0.214802,-0.451527,0.866016,0.000000,-0.000000,0.000000,0.203161,1.000000;;
                }

                Frame F9_CTRL_L_Finger0 {

                 FrameTransformMatrix {
                  -0.225830,-0.889234,-0.397824,0.000000,0.880893,-0.012030,-0.473162,0.000000,0.415966,-0.457294,0.786037,0.000000,0.025623,-0.012299,0.017424,1.000000;;
                 }

                 Frame F71_EFCT_L_Finger00 {

                  FrameTransformMatrix {
                   0.995963,0.000678,0.089757,0.000000,-0.026894,0.956285,0.291199,0.000000,-0.085636,-0.292437,0.952443,0.000000,0.000000,-0.000000,0.036072,1.000000;;
                  }

                  Frame F72_EFCT_L_Finger01 {

                   FrameTransformMatrix {
                    0.997719,-0.038533,0.055429,0.000000,0.011889,0.908549,0.417608,0.000000,-0.066452,-0.415996,0.906935,0.000000,-0.000000,0.000000,0.027271,1.000000;;
                   }
                  }
                 }
                }

                Frame F10_CTRL_L_Finger1 {

                 FrameTransformMatrix {
                  0.956552,-0.130115,-0.260917,0.000000,0.259438,0.788193,0.558072,0.000000,0.133039,-0.601517,0.787704,0.000000,0.024086,-0.006150,0.077895,1.000000;;
                 }

                 Frame F73_EFCT_L_Finger10 {

                  FrameTransformMatrix {
                   0.993461,0.112403,0.020034,0.000000,-0.092458,0.689075,0.718768,0.000000,0.066987,-0.715920,0.694961,0.000000,0.000000,0.000000,0.029154,1.000000;;
                  }

                  Frame F74_EFCT_L_Finger11 {

                   FrameTransformMatrix {
                    0.999801,-0.019853,-0.002072,0.000000,0.019123,0.922862,0.384656,0.000000,-0.005724,-0.384619,0.923057,0.000000,-0.000000,-0.000000,0.021371,1.000000;;
                   }
                  }
                 }
                }

                Frame F11_CTRL_L_Finger2 {

                 FrameTransformMatrix {
                  0.999833,-0.009320,0.015738,0.000000,-0.004740,0.699036,0.715071,0.000000,-0.017666,-0.715026,0.698875,0.000000,0.008712,-0.005637,0.079945,1.000000;;
                 }

                 Frame F75_EFCT_L_Finger20 {

                  FrameTransformMatrix {
                   0.999806,0.019372,0.003540,0.000000,-0.012725,0.498333,0.866892,0.000000,0.015029,-0.866769,0.498483,0.000000,0.000000,0.000000,0.031524,1.000000;;
                  }

                  Frame F76_EFCT_L_Finger21 {

                   FrameTransformMatrix {
                    0.999896,0.000949,0.014392,0.000000,-0.007405,0.890066,0.455771,0.000000,-0.012378,-0.455830,0.889981,0.000000,0.000000,-0.000000,0.022604,1.000000;;
                   }
                  }
                 }
                }

                Frame F12_CTRL_L_Finger3 {

                 FrameTransformMatrix {
                  0.975045,0.127927,0.181446,0.000000,-0.221539,0.613812,0.757731,0.000000,-0.014440,-0.779019,0.626834,0.000000,-0.010762,-0.005125,0.077382,1.000000;;
                 }

                 Frame F77_EFCT_L_Finger30 {

                  FrameTransformMatrix {
                   0.999874,0.001633,-0.015784,0.000000,0.013604,0.423834,0.905638,0.000000,0.008168,-0.905738,0.423758,0.000000,0.000000,0.000000,0.029179,1.000000;;
                  }

                  Frame F78_EFCT_L_Finger31 {

                   FrameTransformMatrix {
                    0.999611,0.019236,0.020198,0.000000,-0.026933,0.853952,0.519654,0.000000,-0.007252,-0.519995,0.854138,0.000000,0.000000,-0.000000,0.022621,1.000000;;
                   }
                  }
                 }
                }

                Frame F13_CTRL_L_Finger4 {

                 FrameTransformMatrix {
                  0.931074,0.142266,0.335950,0.000000,-0.352326,0.589659,0.726752,0.000000,-0.094704,-0.795023,0.599140,0.000000,-0.026298,-0.005637,0.071120,1.000000;;
                 }

                 Frame F79_EFCT_L_Finger40 {

                  FrameTransformMatrix {
                   0.993987,0.098256,-0.048330,0.000000,0.003916,0.409196,0.912438,0.000000,0.109429,-0.907141,0.406351,0.000000,0.000000,-0.000000,0.025484,1.000000;;
                  }

                  Frame F80_EFCT_L_Finger41 {

                   FrameTransformMatrix {
                    0.997436,-0.069632,0.016536,0.000000,0.050014,0.843440,0.534891,0.000000,-0.051193,-0.532692,0.844760,0.000000,-0.000000,-0.000000,0.016488,1.000000;;
                   }
                  }
                 }
                }
               }

               Frame F121_EFCT_L_Wrist0 {

                FrameTransformMatrix {
                 0.998605,-0.002843,-0.052717,0.000000,0.011540,0.986155,0.165423,0.000000,0.051517,-0.165800,0.984813,0.000000,-0.000000,0.000000,0.203161,1.000000;;
                }
               }

               Frame F122_EFCT_L_Wrist1 {

                FrameTransformMatrix {
                 0.998605,-0.002843,-0.052717,0.000000,0.013070,0.980777,0.194696,0.000000,0.051150,-0.195113,0.979446,0.000000,-0.000000,0.000000,0.203161,1.000000;;
                }
               }
              }

              Frame F89_EFCT_L_Lowerarm0 {

               FrameTransformMatrix {
                0.929604,0.293007,-0.223572,0.000000,-0.280195,0.955923,0.087762,0.000000,0.239433,-0.018940,0.970728,0.000000,-0.000000,0.000000,0.033352,1.000000;;
               }
              }

              Frame F90_EFCT_L_Lowerarm1 {

               FrameTransformMatrix {
                0.871995,0.444700,-0.204611,0.000000,-0.427861,0.895467,0.122779,0.000000,0.237822,-0.019517,0.971113,0.000000,-0.000000,0.000000,0.033352,1.000000;;
               }
              }

              Frame F91_EFCT_L_Lowerarm2 {

               FrameTransformMatrix {
                0.832969,0.518828,-0.192300,0.000000,-0.500244,0.854654,0.139006,0.000000,0.236471,-0.019591,0.971441,0.000000,-0.000000,0.000000,0.033352,1.000000;;
               }
              }

              Frame F92_EFCT_L_Lowerarm3 {

               FrameTransformMatrix {
                0.789451,0.586890,-0.179797,0.000000,-0.567010,0.809455,0.152584,0.000000,0.235087,-0.018511,0.971798,0.000000,-0.000000,0.000000,0.033352,1.000000;;
               }
              }

              Frame F93_EFCT_L_Lowerarm4 {

               FrameTransformMatrix {
                0.705843,0.690079,-0.159926,0.000000,-0.666415,0.723437,0.180361,0.000000,0.240160,-0.020729,0.970512,0.000000,-0.000000,0.000000,0.033352,1.000000;;
               }
              }
             }

             Frame F68_EFCT_L_Elbow0 {

              FrameTransformMatrix {
               0.685818,0.007952,0.727730,0.000000,-0.000001,0.999940,-0.010926,0.000000,-0.727773,0.007492,0.685777,0.000000,0.007500,-0.002172,0.213023,1.000000;;
              }
             }

             Frame F69_EFCT_L_Elbow1 {

              FrameTransformMatrix {
               0.685818,0.007952,0.727730,0.000000,-0.000001,0.999940,-0.010926,0.000000,-0.727773,0.007492,0.685777,0.000000,0.007500,-0.002172,0.213023,1.000000;;
              }
             }

             Frame F70_EFCT_L_Elbow2 {

              FrameTransformMatrix {
               -0.685818,-0.007951,-0.727730,0.000000,-0.000001,0.999940,-0.010925,0.000000,0.727773,-0.007492,-0.685777,0.000000,0.007500,-0.002172,0.213023,1.000000;;
              }
             }
            }

            Frame F117_EFCT_L_Upperarm0 {

             FrameTransformMatrix {
              0.964649,0.263529,0.001917,0.000000,-0.263536,0.964624,0.007017,0.000000,0.000000,-0.007274,0.999974,0.000000,0.019999,-0.008000,0.031248,1.000000;;
             }
            }

            Frame F118_EFCT_L_Upperarm1 {

             FrameTransformMatrix {
              0.907558,0.419896,0.005148,0.000000,-0.419927,0.907490,0.011126,0.000000,0.000000,-0.012259,0.999925,0.000000,0.019999,-0.008000,0.031248,1.000000;;
             }
            }

            Frame F119_EFCT_L_Upperarm2 {

             FrameTransformMatrix {
              0.843654,0.536847,0.006539,0.000000,-0.536887,0.843592,0.010275,0.000000,0.000000,-0.012180,0.999926,0.000000,0.019999,-0.008000,0.031248,1.000000;;
             }
            }

            Frame F120_EFCT_L_Upperarm3 {

             FrameTransformMatrix {
              0.702619,0.711515,0.008532,0.000000,-0.711566,0.702568,0.008425,0.000000,0.000000,-0.011990,0.999928,0.000000,0.019999,-0.008000,0.031248,1.000000;;
             }
            }
           }

           Frame F106_EFCT_L_Shoulder30 {

            FrameTransformMatrix {
             1.000000,-0.000000,0.000000,0.000000,0.000000,0.849578,-0.527462,0.000000,0.000000,0.527462,0.849578,0.000000,-0.000000,0.000000,0.012499,1.000000;;
            }
           }

           Frame F107_EFCT_L_Shoulder31 {

            FrameTransformMatrix {
             1.000000,0.000000,0.000000,0.000000,0.000000,-0.520045,0.854139,0.000000,0.000000,-0.854139,-0.520045,0.000000,-0.000000,0.000000,0.012499,1.000000;;
            }
           }

           Frame F108_EFCT_L_Shoulder32 {

            FrameTransformMatrix {
             1.000000,-0.000000,0.000000,0.000000,0.000000,0.849578,-0.527462,0.000000,0.000000,0.527462,0.849578,0.000000,-0.000000,0.000000,0.012499,1.000000;;
            }
           }

           Frame F109_EFCT_L_Shoulder33 {

            FrameTransformMatrix {
             1.000000,0.000000,0.000000,0.000000,0.000000,-0.520356,0.853949,0.000000,0.000000,-0.853949,-0.520356,0.000000,-0.000000,0.000000,0.012499,1.000000;;
            }
           }
          }
         }

         Frame F100_EFCT_L_Shoulder10 {

          FrameTransformMatrix {
           0.996019,-0.021914,0.086407,0.000000,0.027205,0.997795,-0.060540,0.000000,-0.084890,0.062650,0.994419,0.000000,0.000000,-0.000000,0.098319,1.000000;;
          }

          Frame F102_EFCT_L_Shoulder20 {

           FrameTransformMatrix {
            -0.438181,-0.007555,0.898855,0.000000,-0.017239,0.999851,0.000000,0.000000,-0.898721,-0.015495,-0.438246,0.000000,-0.000000,0.000000,0.031236,1.000000;;
           }
          }

          Frame F103_EFCT_L_Shoulder21 {

           FrameTransformMatrix {
            -0.276469,-0.004767,-0.961011,0.000000,-0.017239,0.999851,0.000000,0.000000,0.960868,0.016567,-0.276510,0.000000,-0.000000,0.000000,0.031236,1.000000;;
           }
          }
         }

         Frame F101_EFCT_L_Shoulder11 {

          FrameTransformMatrix {
           0.996249,-0.011475,0.085769,0.000000,0.016785,0.997970,-0.061441,0.000000,-0.084890,0.062650,0.994419,0.000000,0.000000,-0.000000,0.098319,1.000000;;
          }

          Frame F104_EFCT_L_Shoulder22 {

           FrameTransformMatrix {
            -0.437811,-0.007549,0.899035,0.000000,-0.017239,0.999851,-0.000000,0.000000,-0.898902,-0.015498,-0.437876,0.000000,-0.000000,0.000000,0.031242,1.000000;;
           }
          }

          Frame F105_EFCT_L_Shoulder23 {

           FrameTransformMatrix {
            -0.272352,-0.004696,-0.962186,0.000000,-0.017239,0.999851,-0.000000,0.000000,0.962043,0.016587,-0.272392,0.000000,-0.000000,0.000000,0.031242,1.000000;;
           }
          }
         }
        }

        Frame F39_CTRL_R_Shoulder0 {

         FrameTransformMatrix {
          0.004865,0.980983,0.194033,0.000000,-0.015847,-0.193936,0.980886,0.000000,0.999863,-0.007847,0.014603,0.000000,0.000000,-0.000000,0.227496,1.000000;;
         }

         Frame F40_CTRL_R_Shoulder1 {

          FrameTransformMatrix {
           0.981912,-0.174780,-0.072811,0.000000,0.169243,0.982612,-0.076353,0.000000,0.084890,0.062650,0.994419,0.000000,-0.000000,-0.000000,0.098319,1.000000;;
          }

          Frame F41_CTRL_R_Shoulder2 {

           FrameTransformMatrix {
            0.999851,-0.017239,-0.000000,0.000000,0.017239,0.999851,-0.000000,0.000000,0.000000,0.000000,1.000000,0.000000,0.000000,0.000000,0.031248,1.000000;;
           }

           Frame F42_CTRL_R_Shoulder3 {

            FrameTransformMatrix {
             1.000000,-0.000000,-0.000000,0.000000,0.000000,0.226653,0.973976,0.000000,-0.000000,-0.973976,0.226653,0.000000,0.000000,0.000000,0.012499,1.000000;;
            }

            Frame F47_CTRL_R_Upperarm {

             FrameTransformMatrix {
              0.666533,-0.745431,-0.008145,0.000000,0.745475,0.666493,0.007282,0.000000,-0.000000,-0.010926,0.999940,0.000000,-0.019999,-0.008000,0.031248,1.000000;;
             }

             Frame F29_CTRL_R_Elbow {

              FrameTransformMatrix {
               0.815955,0.060396,0.574952,0.000000,-0.078952,0.996851,0.007333,0.000000,-0.572699,-0.051377,0.818154,0.000000,-0.007500,-0.002172,0.213023,1.000000;;
              }

              Frame F37_CTRL_R_Lowerarm {

               FrameTransformMatrix {
                0.486754,0.861846,0.142450,0.000000,-0.839993,0.506553,-0.194462,0.000000,-0.239755,-0.025002,0.970512,0.000000,0.000000,0.000000,0.033352,1.000000;;
               }

               Frame F48_CTRL_R_Wrist {

                FrameTransformMatrix {
                 0.969118,0.011423,0.246331,0.000000,0.191324,0.595395,-0.780320,0.000000,-0.155578,0.803352,0.574823,0.000000,0.000000,0.000000,0.203161,1.000000;;
                }

                Frame F30_CTRL_R_Finger0 {

                 FrameTransformMatrix {
                  -0.078377,0.984679,0.155768,0.000000,-0.856300,0.013516,-0.516302,0.000000,-0.510497,-0.173850,0.842122,0.000000,-0.025623,-0.012299,0.017424,1.000000;;
                 }

                 Frame F133_EFCT_R_Finger00 {

                  FrameTransformMatrix {
                   0.995963,-0.000678,-0.089757,0.000000,0.012236,0.991662,0.128283,0.000000,0.088922,-0.128863,0.987668,0.000000,-0.000000,-0.000000,0.036072,1.000000;;
                  }

                  Frame F134_EFCT_R_Finger01 {

                   FrameTransformMatrix {
                    0.997719,0.038533,-0.055429,0.000000,-0.039435,0.999106,-0.015261,0.000000,0.054792,0.017412,0.998346,0.000000,0.000000,0.000000,0.027271,1.000000;;
                   }
                  }
                 }
                }

                Frame F31_CTRL_R_Finger1 {

                 FrameTransformMatrix {
                  0.956552,0.130115,0.260917,0.000000,-0.163676,0.980223,0.111236,0.000000,-0.241283,-0.149109,0.958931,0.000000,-0.024086,-0.006150,0.077895,1.000000;;
                 }

                 Frame F135_EFCT_R_Finger10 {

                  FrameTransformMatrix {
                   0.993461,-0.112403,-0.020034,0.000000,0.113292,0.992260,0.050840,0.000000,0.014164,-0.052777,0.998506,0.000000,-0.000000,0.000000,0.029154,1.000000;;
                  }

                  Frame F136_EFCT_R_Finger11 {

                   FrameTransformMatrix {
                    0.999801,0.019853,0.002072,0.000000,-0.019942,0.997947,0.060859,0.000000,-0.000860,-0.060888,0.998144,0.000000,0.000000,-0.000000,0.021371,1.000000;;
                   }
                  }
                 }
                }

                Frame F32_CTRL_R_Finger2 {

                 FrameTransformMatrix {
                  0.999833,0.009320,-0.015738,0.000000,-0.006010,0.980063,0.198595,0.000000,0.017276,-0.198467,0.979955,0.000000,-0.008712,-0.005637,0.079945,1.000000;;
                 }

                 Frame F137_EFCT_R_Finger20 {

                  FrameTransformMatrix {
                   0.999806,-0.019372,-0.003540,0.000000,0.019685,0.988032,0.152987,0.000000,0.000534,-0.153027,0.988222,0.000000,-0.000000,0.000000,0.031524,1.000000;;
                  }

                  Frame F138_EFCT_R_Finger21 {

                   FrameTransformMatrix {
                    0.999896,-0.000949,-0.014392,0.000000,0.002030,0.997161,0.075277,0.000000,0.014280,-0.075298,0.997059,0.000000,-0.000000,-0.000000,0.022604,1.000000;;
                   }
                  }
                 }
                }

                Frame F33_CTRL_R_Finger3 {

                 FrameTransformMatrix {
                  0.975045,-0.127927,-0.181446,0.000000,0.165942,0.962889,0.212858,0.000000,0.147482,-0.237656,0.960088,0.000000,0.010762,-0.005125,0.077382,1.000000;;
                 }

                 Frame F139_EFCT_R_Finger30 {

                  FrameTransformMatrix {
                   0.999874,-0.001633,0.015784,0.000000,-0.000600,0.990088,0.140444,0.000000,-0.015857,-0.140436,0.989963,0.000000,-0.000000,0.000000,0.029179,1.000000;;
                  }

                  Frame F140_EFCT_R_Finger31 {

                   FrameTransformMatrix {
                    0.999611,-0.019236,-0.020198,0.000000,0.021261,0.994206,0.105366,0.000000,0.018054,-0.105754,0.994228,0.000000,-0.000000,-0.000000,0.022621,1.000000;;
                   }
                  }
                 }
                }

                Frame F34_CTRL_R_Finger4 {

                 FrameTransformMatrix {
                  0.931074,-0.142266,-0.335950,0.000000,0.236235,0.936819,0.258000,0.000000,0.278020,-0.319580,0.905855,0.000000,0.026298,-0.005637,0.071120,1.000000;;
                 }

                 Frame F141_EFCT_R_Finger40 {

                  FrameTransformMatrix {
                   0.993987,-0.098256,0.048330,0.000000,0.083697,0.966349,0.243238,0.000000,-0.070603,-0.237730,0.968762,0.000000,-0.000000,-0.000000,0.025484,1.000000;;
                  }

                  Frame F142_EFCT_R_Finger41 {

                   FrameTransformMatrix {
                    0.997436,0.069632,-0.016536,0.000000,-0.066073,0.984716,0.161149,0.000000,0.027505,-0.159643,0.986792,0.000000,0.000000,-0.000000,0.016488,1.000000;;
                   }
                  }
                 }
                }
               }

               Frame F183_EFCT_R_Wrist0 {

                FrameTransformMatrix {
                 0.998605,0.002843,0.052717,0.000000,0.007652,0.980209,-0.197817,0.000000,-0.052236,0.197945,0.978820,0.000000,0.000000,0.000000,0.203161,1.000000;;
                }
               }

               Frame F184_EFCT_R_Wrist1 {

                FrameTransformMatrix {
                 0.998605,0.002843,0.052717,0.000000,0.022873,0.876666,-0.480556,0.000000,-0.047581,0.481092,0.875378,0.000000,0.000000,0.000000,0.203161,1.000000;;
                }
               }
              }

              Frame F151_EFCT_R_Lowerarm0 {

               FrameTransformMatrix {
                0.950828,0.197738,0.238382,0.000000,-0.196465,0.980072,-0.029336,0.000000,-0.239433,-0.018940,0.970728,0.000000,0.000000,0.000000,0.033352,1.000000;;
               }
              }

              Frame F152_EFCT_R_Lowerarm1 {

               FrameTransformMatrix {
                0.889743,0.396662,0.225867,0.000000,-0.389612,0.917757,-0.076970,0.000000,-0.237822,-0.019517,0.971113,0.000000,0.000000,0.000000,0.033352,1.000000;;
               }
              }

              Frame F153_EFCT_R_Lowerarm2 {

               FrameTransformMatrix {
                0.842767,0.493432,0.215100,0.000000,-0.483554,0.869564,-0.100172,0.000000,-0.236471,-0.019591,0.971441,0.000000,0.000000,0.000000,0.033352,1.000000;;
               }
              }

              Frame F154_EFCT_R_Lowerarm3 {

               FrameTransformMatrix {
                0.788196,0.581417,0.201747,0.000000,-0.568754,0.813395,-0.122093,0.000000,-0.235087,-0.018511,0.971798,0.000000,0.000000,0.000000,0.033352,1.000000;;
               }
              }

              Frame F155_EFCT_R_Lowerarm4 {

               FrameTransformMatrix {
                0.678305,0.711614,0.183051,0.000000,-0.694424,0.702265,-0.156841,0.000000,-0.240160,-0.020729,0.970512,0.000000,0.000000,0.000000,0.033352,1.000000;;
               }
              }
             }

             Frame F130_EFCT_R_Elbow0 {

              FrameTransformMatrix {
               0.407534,-0.009978,-0.913135,0.000000,0.000001,0.999940,-0.010926,0.000000,0.913190,0.004452,0.407510,0.000000,-0.007500,-0.002172,0.213023,1.000000;;
              }
             }

             Frame F131_EFCT_R_Elbow1 {

              FrameTransformMatrix {
               0.407534,-0.009978,-0.913135,0.000000,0.000001,0.999940,-0.010926,0.000000,0.913190,0.004452,0.407510,0.000000,-0.007500,-0.002172,0.213023,1.000000;;
              }
             }

             Frame F132_EFCT_R_Elbow2 {

              FrameTransformMatrix {
               -0.407534,0.009977,0.913135,0.000000,0.000001,0.999940,-0.010925,0.000000,-0.913190,-0.004451,-0.407510,0.000000,-0.007500,-0.002172,0.213023,1.000000;;
              }
             }
            }

            Frame F179_EFCT_R_Upperarm0 {

             FrameTransformMatrix {
              0.974943,-0.222450,-0.001618,0.000000,0.222456,0.974917,0.007092,0.000000,-0.000000,-0.007274,0.999974,0.000000,-0.019999,-0.008000,0.031248,1.000000;;
             }
            }

            Frame F180_EFCT_R_Upperarm1 {

             FrameTransformMatrix {
              0.934287,-0.356494,-0.004371,0.000000,0.356521,0.934217,0.011454,0.000000,-0.000000,-0.012259,0.999925,0.000000,-0.019999,-0.008000,0.031248,1.000000;;
             }
            }

            Frame F181_EFCT_R_Upperarm2 {

             FrameTransformMatrix {
              0.888495,-0.458853,-0.005589,0.000000,0.458887,0.888429,0.010821,0.000000,-0.000000,-0.012180,0.999926,0.000000,-0.019999,-0.008000,0.031248,1.000000;;
             }
            }

            Frame F182_EFCT_R_Upperarm3 {

             FrameTransformMatrix {
              0.786306,-0.617792,-0.007408,0.000000,0.617837,0.786250,0.009428,0.000000,-0.000000,-0.011990,0.999928,0.000000,-0.019999,-0.008000,0.031248,1.000000;;
             }
            }
           }

           Frame F168_EFCT_R_Shoulder30 {

            FrameTransformMatrix {
             1.000000,0.000000,0.000000,0.000000,-0.000000,0.775264,-0.631637,0.000000,0.000000,0.631638,0.775264,0.000000,0.000000,0.000000,0.012499,1.000000;;
            }
           }

           Frame F169_EFCT_R_Shoulder31 {

            FrameTransformMatrix {
             1.000000,-0.000000,-0.000000,0.000000,-0.000000,-0.438612,0.898676,0.000000,-0.000000,-0.898676,-0.438612,0.000000,0.000000,0.000000,0.012499,1.000000;;
            }
           }

           Frame F170_EFCT_R_Shoulder32 {

            FrameTransformMatrix {
             1.000000,0.000000,0.000000,0.000000,-0.000000,0.775264,-0.631637,0.000000,0.000000,0.631638,0.775264,0.000000,0.000000,0.000000,0.012499,1.000000;;
            }
           }

           Frame F171_EFCT_R_Shoulder33 {

            FrameTransformMatrix {
             1.000000,-0.000000,-0.000000,0.000000,-0.000000,-0.440213,0.897893,0.000000,-0.000000,-0.897893,-0.440213,0.000000,0.000000,0.000000,0.012499,1.000000;;
            }
           }
          }
         }

         Frame F162_EFCT_R_Shoulder10 {

          FrameTransformMatrix {
           0.988386,-0.131542,-0.076087,0.000000,0.126041,0.989329,-0.073089,0.000000,0.084890,0.062650,0.994419,0.000000,-0.000000,-0.000000,0.098319,1.000000;;
          }

          Frame F164_EFCT_R_Shoulder20 {

           FrameTransformMatrix {
            -0.438181,0.007555,-0.898855,0.000000,0.017239,0.999851,0.000000,0.000000,0.898721,-0.015495,-0.438246,0.000000,0.000000,0.000000,0.031236,1.000000;;
           }
          }

          Frame F165_EFCT_R_Shoulder21 {

           FrameTransformMatrix {
            -0.276469,0.004767,0.961011,0.000000,0.017239,0.999851,0.000000,0.000000,-0.960868,0.016567,-0.276510,0.000000,0.000000,0.000000,0.031236,1.000000;;
           }
          }
         }

         Frame F163_EFCT_R_Shoulder11 {

          FrameTransformMatrix {
           0.990445,-0.114171,-0.077357,0.000000,0.108688,0.991484,-0.071743,0.000000,0.084890,0.062650,0.994419,0.000000,-0.000000,-0.000000,0.098319,1.000000;;
          }

          Frame F166_EFCT_R_Shoulder22 {

           FrameTransformMatrix {
            -0.437811,0.007549,-0.899035,0.000000,0.017239,0.999851,-0.000000,0.000000,0.898902,-0.015498,-0.437876,0.000000,0.000000,0.000000,0.031242,1.000000;;
           }
          }

          Frame F167_EFCT_R_Shoulder23 {

           FrameTransformMatrix {
            -0.272352,0.004696,0.962186,0.000000,0.017239,0.999851,-0.000000,0.000000,-0.962043,0.016587,-0.272392,0.000000,0.000000,0.000000,0.031242,1.000000;;
           }
          }
         }
        }

        Frame F49_DEST_C_Head {

         FrameTransformMatrix {
          0.366075,0.800975,-0.473739,0.000000,0.072882,0.482835,0.872673,0.000000,0.927727,-0.353991,0.118377,0.000000,0.000000,-0.029922,0.361656,1.000000;;
         }

         Frame F54_DMYF_C_Head {

          FrameTransformMatrix {
           1.000000,0.000000,0.000000,0.000000,0.000000,1.000000,0.000000,0.000000,0.000000,-0.000000,1.000000,0.000000,0.000000,-0.000000,0.160161,1.000000;;
          }
         }
        }

        Frame F58_EFCT_C_Neck0 {

         FrameTransformMatrix {
          0.760817,0.647117,0.048966,0.000000,-0.615441,0.695519,0.370791,0.000000,0.205888,-0.312240,0.927424,0.000000,0.000000,-0.000000,0.227496,1.000000;;
         }

         Frame F56_EFCT_C_Head0 {

          FrameTransformMatrix {
           0.740892,0.293348,-0.604174,0.000000,0.342287,0.609060,0.715462,0.000000,0.577858,-0.736881,0.350838,0.000000,0.000000,0.000000,0.082302,1.000000;;
          }

          Frame F3_CTRL_C_Lowerlip {

           FrameTransformMatrix {
            1.000000,0.000000,0.000000,0.000000,0.000000,0.956212,0.292676,0.000000,0.000000,-0.292676,0.956212,0.000000,0.000000,0.010721,0.048225,1.000000;;
           }
          }

          Frame F5_CTRL_C_Upperlip {

           FrameTransformMatrix {
            1.000000,0.000000,0.000000,0.000000,0.000000,0.999270,0.038208,0.000000,0.000000,-0.038208,0.999270,0.000000,0.000000,0.010721,0.048225,1.000000;;
           }
          }

          Frame F15_CTRL_L_Lipside {

           FrameTransformMatrix {
            0.924344,0.004021,0.381540,0.000000,-0.069017,0.985212,0.156823,0.000000,-0.375267,-0.171291,0.910952,0.000000,-0.000000,0.010721,0.048225,1.000000;;
           }
          }

          Frame F36_CTRL_R_Lipside {

           FrameTransformMatrix {
            0.924344,-0.004021,-0.381540,0.000000,0.069017,0.985212,0.156823,0.000000,0.375267,-0.171291,0.910952,0.000000,0.000000,0.010721,0.048225,1.000000;;
           }
          }
         }

         Frame F57_EFCT_C_Head1 {

          FrameTransformMatrix {
           0.921456,-0.037878,-0.386633,0.000000,0.357792,0.470461,0.806629,0.000000,0.151342,-0.881607,0.447062,0.000000,0.000000,0.000000,0.082302,1.000000;;
          }
         }
        }

        Frame F59_EFCT_C_Neck1 {

         FrameTransformMatrix {
          0.982381,0.186684,0.008736,0.000000,-0.162597,0.830712,0.532428,0.000000,0.092139,-0.524468,0.846430,0.000000,0.000000,-0.000000,0.227496,1.000000;;
         }
        }

        Frame F64_EFCT_L_Breast {

         FrameTransformMatrix {
          1.000000,-0.000000,-0.000000,0.000000,0.000000,-0.014827,0.999890,0.000000,-0.000000,-0.999890,-0.014827,0.000000,-0.056939,0.088340,0.067526,1.000000;;
         }

         Frame F50_DEST_L_Breast0 {

          FrameTransformMatrix {
           1.000000,-0.000000,-0.000000,0.000000,0.000000,0.999231,-0.039218,0.000000,0.000000,0.039218,0.999231,0.000000,0.000000,0.000000,0.047208,1.000000;;
          }

          Frame F51_DEST_L_Breast1 {

           FrameTransformMatrix {
            0.999234,-0.019292,0.034043,0.000000,0.024649,0.986034,-0.164712,0.000000,-0.030389,0.165425,0.985754,0.000000,-0.000000,0.000000,0.098890,1.000000;;
           }
          }
         }
        }

        Frame F99_EFCT_L_Shoulder0 {

         FrameTransformMatrix {
          0.134214,-0.973367,-0.185857,0.000000,0.016536,-0.185328,0.982538,0.000000,-0.990814,-0.134943,-0.008778,0.000000,-0.000000,-0.000000,0.227496,1.000000;;
         }
        }

        Frame F126_EFCT_R_Breast {

         FrameTransformMatrix {
          1.000000,0.000000,0.000000,0.000000,0.000000,-0.046924,0.998898,0.000000,0.000000,-0.998898,-0.046924,0.000000,0.056939,0.088340,0.067526,1.000000;;
         }

         Frame F52_DEST_R_Breast0 {

          FrameTransformMatrix {
           1.000000,0.000000,0.000000,0.000000,-0.000000,0.999231,-0.039218,0.000000,-0.000000,0.039218,0.999231,0.000000,-0.000000,0.000000,0.047208,1.000000;;
          }

          Frame F53_DEST_R_Breast1 {

           FrameTransformMatrix {
            0.999234,0.019292,-0.034043,0.000000,-0.024649,0.986034,-0.164712,0.000000,0.030389,0.165425,0.985754,0.000000,0.000000,0.000000,0.098890,1.000000;;
           }
          }
         }
        }

        Frame F161_EFCT_R_Shoulder0 {

         FrameTransformMatrix {
          0.052688,0.980034,0.191719,0.000000,0.031013,-0.193499,0.980610,0.000000,0.998129,-0.045721,-0.040589,0.000000,0.000000,-0.000000,0.227496,1.000000;;
         }
        }
       }
      }
     }
    }

    Frame F23_CTRL_L_ThighPivot0 {

     FrameTransformMatrix {
      0.939094,0.000000,0.343660,0.000000,-0.343660,0.000000,0.939094,0.000000,0.000000,-1.000000,0.000000,0.000000,-0.119488,-0.048384,-0.011912,1.000000;;
     }

     Frame F24_CTRL_L_ThighPivot1 {

      FrameTransformMatrix {
       0.982935,-0.000000,0.183951,0.000000,0.182025,-0.144358,-0.972640,0.000000,0.026555,0.989526,-0.141895,0.000000,-0.000000,-0.000000,0.006720,1.000000;;
      }

      Frame F22_CTRL_L_Thigh {

       FrameTransformMatrix {
        0.887688,-0.459703,0.026149,0.000000,0.460162,0.887703,-0.015317,0.000000,-0.016171,0.025629,0.999541,0.000000,0.027408,0.000000,0.086016,1.000000;;
       }

       Frame F14_CTRL_L_Knee {

        FrameTransformMatrix {
         0.999477,0.031868,-0.005505,0.000000,0.014961,-0.304706,0.952329,0.000000,0.028672,-0.951913,-0.305023,0.000000,-0.008070,-0.034014,0.295084,1.000000;;
        }

        Frame F17_CTRL_L_Shin {

         FrameTransformMatrix {
          0.962964,-0.206961,-0.172821,0.000000,0.269165,0.700294,0.661164,0.000000,-0.015809,-0.683195,0.730065,0.000000,-0.000000,-0.000000,0.041849,1.000000;;
         }

         Frame F7_CTRL_L_Ankle {

          FrameTransformMatrix {
           0.902371,0.009237,-0.430862,0.000000,-0.304743,0.720604,-0.622785,0.000000,0.304728,0.693285,0.653067,0.000000,0.000000,0.000000,0.347192,1.000000;;
          }

          Frame F25_CTRL_L_Toe {

           FrameTransformMatrix {
            0.971572,0.236717,-0.003558,0.000000,0.035243,-0.159478,-0.986572,0.000000,-0.234105,0.958401,-0.163287,0.000000,-0.006001,0.100069,0.078086,1.000000;;
           }
          }
         }

         Frame F61_EFCT_L_Ankle0 {

          FrameTransformMatrix {
           0.999999,0.000013,-0.001022,0.000000,-0.000343,0.946407,-0.322976,0.000000,0.000963,0.322977,0.946406,0.000000,0.000000,0.000000,0.347192,1.000000;;
          }
         }

         Frame F62_EFCT_L_Ankle1 {

          FrameTransformMatrix {
           0.999950,-0.000131,0.009985,0.000000,-0.000017,0.999890,0.014850,0.000000,-0.009986,-0.014850,0.999840,0.000000,0.000000,0.000000,0.347192,1.000000;;
          }
         }

         Frame F63_EFCT_L_Ankle2 {

          FrameTransformMatrix {
           0.911857,0.004013,-0.410488,0.000000,-0.242084,0.812828,-0.529816,0.000000,0.331530,0.582489,0.742155,0.000000,0.000000,0.000000,0.347192,1.000000;;
          }
         }
        }

        Frame F94_EFCT_L_Shin0 {

         FrameTransformMatrix {
          0.995761,-0.067205,-0.062805,0.000000,0.091939,0.748307,0.656950,0.000000,0.002847,-0.659939,0.751314,0.000000,-0.000000,-0.000000,0.041849,1.000000;;
         }
        }

        Frame F95_EFCT_L_Shin1 {

         FrameTransformMatrix {
          0.990447,-0.112762,-0.079373,0.000000,0.136917,0.735710,0.663313,0.000000,-0.016401,-0.667844,0.744121,0.000000,-0.000000,-0.000000,0.041849,1.000000;;
         }
        }

        Frame F96_EFCT_L_Shin2 {

         FrameTransformMatrix {
          0.986515,-0.132299,-0.096363,0.000000,0.162664,0.727217,0.666855,0.000000,-0.018148,-0.673537,0.738931,0.000000,-0.000000,-0.000000,0.041849,1.000000;;
         }
        }

        Frame F97_EFCT_L_Shin3 {

         FrameTransformMatrix {
          0.981549,-0.152811,-0.114937,0.000000,0.190223,0.719340,0.668105,0.000000,-0.019415,-0.677642,0.735136,0.000000,-0.000000,-0.000000,0.041849,1.000000;;
         }
        }

        Frame F98_EFCT_L_Shin4 {

         FrameTransformMatrix {
          0.973193,-0.181323,-0.141484,0.000000,0.229097,0.710106,0.665781,0.000000,-0.020253,-0.680346,0.732611,0.000000,-0.000000,-0.000000,0.041849,1.000000;;
         }
        }
       }

       Frame F86_EFCT_L_Knee0 {

        FrameTransformMatrix {
         0.999794,0.012241,-0.016174,0.000000,-0.013277,0.997759,-0.065587,0.000000,0.015335,0.065788,0.997716,0.000000,-0.008070,-0.034014,0.295084,1.000000;;
        }
       }

       Frame F87_EFCT_L_Knee1 {

        FrameTransformMatrix {
         0.999794,0.012241,-0.016174,0.000000,-0.014305,0.990830,-0.134358,0.000000,0.014381,0.134562,0.990801,0.000000,-0.008070,-0.034014,0.295084,1.000000;;
        }
       }

       Frame F88_EFCT_L_Knee2 {

        FrameTransformMatrix {
         0.999794,0.012241,-0.016166,0.000000,0.013736,-0.995301,0.095849,0.000000,-0.014917,-0.096051,-0.995265,0.000000,-0.008070,-0.034014,0.295084,1.000000;;
        }
       }
      }

      Frame F110_EFCT_L_Thigh0 {

       FrameTransformMatrix {
        0.997686,-0.063379,0.024615,0.000000,0.064052,0.997566,-0.027572,0.000000,-0.022808,0.029085,0.999317,0.000000,0.027408,0.000000,0.086016,1.000000;;
       }
      }

      Frame F111_EFCT_L_Thigh1 {

       FrameTransformMatrix {
        0.992473,-0.120086,0.024017,0.000000,0.120671,0.992387,-0.024624,0.000000,-0.020878,0.027336,0.999408,0.000000,0.027408,0.000000,0.086016,1.000000;;
       }
      }

      Frame F112_EFCT_L_Thigh2 {

       FrameTransformMatrix {
        0.976985,-0.211825,0.025126,0.000000,0.212392,0.976924,-0.022563,0.000000,-0.019767,0.027380,0.999430,0.000000,0.027408,0.000000,0.086016,1.000000;;
       }
      }

      Frame F113_EFCT_L_Thigh3 {

       FrameTransformMatrix {
        0.959046,-0.282087,0.025638,0.000000,0.282616,0.959024,-0.020051,0.000000,-0.018931,0.026476,0.999470,0.000000,0.027408,0.000000,0.086016,1.000000;;
       }
      }

      Frame F114_EFCT_L_Thigh4 {

       FrameTransformMatrix {
        0.928536,-0.370221,0.027531,0.000000,0.370777,0.928532,-0.018781,0.000000,-0.018610,0.027647,0.999444,0.000000,0.027408,0.000000,0.086016,1.000000;;
       }
      }
     }
