xof 0303txt 0032

template XSkinMeshHeader {
  <3cf169ce-ff7c-44ab-93c0-f78f62d172e2>
  WORD nMaxSkinWeightsPerVertex;
  WORD nMaxSkinWeightsPerFace;
  WORD nBones;
}

template SkinWeights {
  <6f0d123b-bad2-4167-a0d0-80224f25fabb>
  STRING transformNodeName;
  DWORD nWeights;
  array DWORD vertexIndices[nWeights];
  array float weights[nWeights];
  Matrix4x4 matrixOffset;
}

Frame Root {
  FrameTransformMatrix {
     1.000000, 0.000000, 0.000000, 0.000000,
     0.000000,-0.000000, 1.000000, 0.000000,
     0.000000, 1.000000, 0.000000, 0.000000,
     0.000000, 0.000000, 0.000000, 1.000000;;
  }
  Frame metarig {
    FrameTransformMatrix {
      -1.000000,-0.000000, 0.000000, 0.000000,
       0.000000,-1.000000,-0.000000, 0.000000,
       0.000000,-0.000000, 1.000000, 0.000000,
       0.000000, 0.006505,-0.017220, 1.000000;;
    }
    Frame metarig_hips {
      FrameTransformMatrix {
        -1.000000, 0.000000, 0.000000, 0.000000,
         0.000000, 0.213596, 0.976922, 0.000000,
         0.000000, 0.976922,-0.213596, 0.000000,
        -0.000000,-0.207286, 0.863409, 1.000000;;
      }
      Frame metarig_spine {
        FrameTransformMatrix {
           1.000000,-0.000000,-0.000001, 0.000000,
          -0.000000, 0.989658,-0.143448, 0.000000,
           0.000001, 0.143448, 0.989658, 0.000000,
          -0.000000, 0.187492, 0.000000, 1.000000;;
        }
        Frame metarig_chest {
          FrameTransformMatrix {
             1.000000,-0.000000,-0.000000, 0.000000,
             0.000000, 0.994381,-0.105864, 0.000000,
             0.000000, 0.105864, 0.994381, 0.000000,
            -0.000000, 0.221829,-0.000000, 1.000000;;
          }
          Frame metarig_neck {
            FrameTransformMatrix {
               1.000000, 0.000000, 0.000000, 0.000000,
              -0.000000, 0.949232, 0.314578, 0.000000,
              -0.000000,-0.314578, 0.949232, 0.000000,
              -0.000000, 0.278969, 0.000000, 1.000000;;
            }
            Frame metarig_head {
              FrameTransformMatrix {
                 1.000000, 0.000000, 0.000000, 0.000000,
                 0.000000, 0.959589,-0.281406, 0.000000,
                -0.000000, 0.281406, 0.959589, 0.000000,
                 0.000000, 0.126698, 0.000000, 1.000000;;
              }
            } // End of metarig_head
            Frame metarig_neck_L_001 {
              FrameTransformMatrix {
                -0.992783,-0.115755, 0.031363, 0.000000,
                -0.111533, 0.987278, 0.113328, 0.000000,
                -0.044083, 0.109012,-0.993062, 0.000000,
                -0.099427, 0.053372, 0.217334, 1.000000;;
              }
              Frame metarig_neck_L_002 {
                FrameTransformMatrix {
                   0.949324, 0.246092, 0.195506, 0.000000,
                  -0.314092, 0.720210, 0.618582, 0.000000,
                   0.011423,-0.648642, 0.761008, 0.000000,
                  -0.000000, 0.413907,-0.000000, 1.000000;;
                }
                Frame metarig_neck_L_003 {
                  FrameTransformMatrix {
                     0.957753,-0.125584,-0.258724, 0.000000,
                     0.125200,-0.627828, 0.768217, 0.000000,
                    -0.258910,-0.768154,-0.585581, 0.000000,
                     0.000000, 0.376899,-0.000000, 1.000000;;
                  }
                  Frame metarig_neck_L_004 {
                    FrameTransformMatrix {
                       0.796265, 0.589724, 0.134861, 0.000000,
                      -0.578397, 0.676839, 0.455354, 0.000000,
                       0.177254,-0.440585, 0.880037, 0.000000,
                      -0.000000, 0.536897, 0.000000, 1.000000;;
                    }
                  } // End of metarig_neck_L_004
                } // End of metarig_neck_L_003
              } // End of metarig_neck_L_002
            } // End of metarig_neck_L_001
            Frame metarig_neck_R_001 {
              FrameTransformMatrix {
                -0.992782, 0.115755,-0.031364, 0.000000,
                 0.111533, 0.987278, 0.113328, 0.000000,
                 0.044083, 0.109012,-0.993063, 0.000000,
                 0.099427, 0.053372, 0.217334, 1.000000;;
              }
              Frame metarig_neck_R_002 {
                FrameTransformMatrix {
                   0.949324,-0.246092,-0.195506, 0.000000,
                   0.314092, 0.720210, 0.618582, 0.000000,
                  -0.011423,-0.648642, 0.761008, 0.000000,
                  -0.000000, 0.413907, 0.000000, 1.000000;;
                }
                Frame metarig_neck_R_003 {
                  FrameTransformMatrix {
                     0.957753, 0.125584, 0.258723, 0.000000,
                    -0.125200,-0.627828, 0.768217, 0.000000,
                     0.258910,-0.768154,-0.585580, 0.000000,
                    -0.000000, 0.376899,-0.000000, 1.000000;;
                  }
                  Frame metarig_neck_R_004 {
                    FrameTransformMatrix {
                       0.796265,-0.589724,-0.134861, 0.000000,
                       0.578397, 0.676839, 0.455353, 0.000000,
                      -0.177253,-0.440585, 0.880037, 0.000000,
                       0.000000, 0.536897,-0.000000, 1.000000;;
                    }
                  } // End of metarig_neck_R_004
                } // End of metarig_neck_R_003
              } // End of metarig_neck_R_002
            } // End of metarig_neck_R_001
          } // End of metarig_neck
          Frame metarig_shoulder_L {
            FrameTransformMatrix {
               0.349641,-0.032526, 0.936319, 0.000000,
               0.936875, 0.007853,-0.349576, 0.000000,
               0.004018, 0.999440, 0.033218, 0.000000,
               0.019286, 0.220119, 0.082105, 1.000000;;
            }
            Frame metarig_upper_arm_L {
              FrameTransformMatrix {
                 0.101438, 0.018101,-0.994677, 0.000000,
                 0.351227, 0.934799, 0.052830, 0.000000,
                 0.930779,-0.354716, 0.088466, 0.000000,
                 0.008213, 0.211607,-0.020728, 1.000000;;
              }
              Frame metarig_forearm_L {
                FrameTransformMatrix {
                   0.999937, 0.006255, 0.009265, 0.000000,
                  -0.007123, 0.995276, 0.096826, 0.000000,
                  -0.008616,-0.096886, 0.995258, 0.000000,
                  -0.000000, 0.304056,-0.000000, 1.000000;;
                }
                Frame metarig_hand_L {
                  FrameTransformMatrix {
                    -0.009379,-0.049836,-0.998713, 0.000000,
                     0.056121, 0.997157,-0.050286, 0.000000,
                     0.998380,-0.056520,-0.006555, 0.000000,
                     0.000000, 0.276998, 0.000000, 1.000000;;
                  }
                  Frame metarig_palm_01_L {
                    FrameTransformMatrix {
                       0.964601, 0.263495,-0.010703, 0.000000,
                      -0.263554, 0.964634,-0.004557, 0.000000,
                       0.009124, 0.007217, 0.999932, 0.000000,
                      -0.050909, 0.041890,-0.005541, 1.000000;;
                    }
                    Frame metarig_f_index_01_L {
                      FrameTransformMatrix {
                         0.976467,-0.175462,-0.125400, 0.000000,
                         0.151743, 0.972143,-0.178641, 0.000000,
                         0.153251, 0.155409, 0.975890, 0.000000,
                        -0.000000, 0.073378, 0.000000, 1.000000;;
                      }
                      Frame metarig_f_index_02_L {
                        FrameTransformMatrix {
                           0.999896,-0.007037, 0.012567, 0.000000,
                           0.005001, 0.987865, 0.155234, 0.000000,
                          -0.013507,-0.155155, 0.987798, 0.000000,
                           0.000000, 0.047466, 0.000000, 1.000000;;
                        }
                        Frame metarig_f_index_03_L {
                          FrameTransformMatrix {
                             0.997688,-0.067497, 0.007879, 0.000000,
                             0.063957, 0.971844, 0.226777, 0.000000,
                            -0.022964,-0.225749, 0.973915, 0.000000,
                             0.000000, 0.029745,-0.000000, 1.000000;;
                          }
                        } // End of metarig_f_index_03_L
                      } // End of metarig_f_index_02_L
                    } // End of metarig_f_index_01_L
                    Frame metarig_thumb_01_L {
                      FrameTransformMatrix {
                        -0.089069, 0.528676,-0.844137, 0.000000,
                        -0.296951, 0.794869, 0.529153, 0.000000,
                         0.950730, 0.297798, 0.086192, 0.000000,
                        -0.026403,-0.016897, 0.025838, 1.000000;;
                      }
                      Frame metarig_thumb_02_L {
                        FrameTransformMatrix {
                           0.989122,-0.146653,-0.011446, 0.000000,
                           0.142824, 0.938842, 0.313332, 0.000000,
                          -0.035205,-0.311558, 0.949575, 0.000000,
                          -0.000000, 0.043994,-0.000000, 1.000000;;
                        }
                        Frame metarig_thumb_03_L {
                          FrameTransformMatrix {
                             0.996600,-0.082212,-0.005449, 0.000000,
                             0.082346, 0.996074, 0.032492, 0.000000,
                             0.002757,-0.032830, 0.999457, 0.000000,
                            -0.000001, 0.035248, 0.000000, 1.000000;;
                          }
                        } // End of metarig_thumb_03_L
                      } // End of metarig_thumb_02_L
                    } // End of metarig_thumb_01_L
                  } // End of metarig_palm_01_L
                  Frame metarig_palm_02_L {
                    FrameTransformMatrix {
                       0.997847, 0.065045, 0.008376, 0.000000,
                      -0.064855, 0.997670,-0.021159, 0.000000,
                      -0.009733, 0.020570, 0.999741, 0.000000,
                      -0.014760, 0.044346,-0.008115, 1.000000;;
                    }
                    Frame metarig_f_middle_01_L {
                      FrameTransformMatrix {
                         0.996263,-0.069310,-0.051539, 0.000000,
                         0.064953, 0.994523,-0.081879, 0.000000,
                         0.056932, 0.078225, 0.995309, 0.000000,
                         0.000000, 0.071861,-0.000000, 1.000000;;
                      }
                      Frame metarig_f_middle_02_L {
                        FrameTransformMatrix {
                           0.996960,-0.033196, 0.070486, 0.000000,
                           0.015647, 0.971565, 0.236254, 0.000000,
                          -0.076324,-0.234433, 0.969131, 0.000000,
                           0.000000, 0.052210,-0.000000, 1.000000;;
                        }
                        Frame metarig_f_middle_03_L {
                          FrameTransformMatrix {
                             0.998385,-0.042552, 0.037630, 0.000000,
                             0.037873, 0.992371, 0.117329, 0.000000,
                            -0.042336,-0.115714, 0.992380, 0.000000,
                             0.000000, 0.033931, 0.000000, 1.000000;;
                          }
                        } // End of metarig_f_middle_03_L
                      } // End of metarig_f_middle_02_L
                    } // End of metarig_f_middle_01_L
                  } // End of metarig_palm_02_L
                  Frame metarig_palm_03_L {
                    FrameTransformMatrix {
                       0.996926,-0.063829, 0.045427, 0.000000,
                       0.065754, 0.996943,-0.042201, 0.000000,
                      -0.042595, 0.045059, 0.998076, 0.000000,
                       0.009901, 0.042193,-0.007321, 1.000000;;
                    }
                    Frame metarig_f_ring_01_L {
                      FrameTransformMatrix {
                         0.998792, 0.026968, 0.041073, 0.000000,
                        -0.029321, 0.997897, 0.057809, 0.000000,
                        -0.039428,-0.058943, 0.997482, 0.000000,
                         0.000000, 0.073558, 0.000000, 1.000000;;
                      }
                      Frame metarig_f_ring_02_L {
                        FrameTransformMatrix {
                           0.998272,-0.044353, 0.038537, 0.000000,
                           0.038162, 0.988143, 0.148717, 0.000000,
                          -0.044677,-0.146989, 0.988129, 0.000000,
                          -0.000000, 0.047231,-0.000000, 1.000000;;
                        }
                        Frame metarig_f_ring_03_L {
                          FrameTransformMatrix {
                             0.993891,-0.085252, 0.070087, 0.000000,
                             0.059316, 0.948170, 0.312178, 0.000000,
                            -0.093068,-0.306114, 0.947435, 0.000000,
                             0.000000, 0.033515, 0.000000, 1.000000;;
                          }
                        } // End of metarig_f_ring_03_L
                      } // End of metarig_f_ring_02_L
                    } // End of metarig_f_ring_01_L
                  } // End of metarig_palm_03_L
                  Frame metarig_palm_04_L {
                    FrameTransformMatrix {
                       0.981906,-0.188480, 0.018309, 0.000000,
                       0.188534, 0.982066,-0.001263, 0.000000,
                      -0.017742, 0.004692, 0.999831, 0.000000,
                       0.025449, 0.037932,-0.004812, 1.000000;;
                    }
                    Frame metarig_f_pinky_01_L {
                      FrameTransformMatrix {
                         0.976383, 0.060049, 0.207533, 0.000000,
                        -0.102379, 0.974495, 0.199694, 0.000000,
                        -0.190249,-0.216224, 0.957628, 0.000000,
                         0.000000, 0.078833, 0.000000, 1.000000;;
                      }
                      Frame metarig_f_pinky_02_L {
                        FrameTransformMatrix {
                           0.999243,-0.033339, 0.020073, 0.000000,
                           0.031464, 0.995676, 0.087403, 0.000000,
                          -0.022900,-0.086705, 0.995971, 0.000000,
                           0.000000, 0.029378,-0.000000, 1.000000;;
                        }
                        Frame metarig_f_pinky_03_L {
                          FrameTransformMatrix {
                             0.999090,-0.032682, 0.027396, 0.000000,
                             0.027476, 0.984610, 0.172593, 0.000000,
                            -0.032615,-0.171683, 0.984612, 0.000000,
                            -0.000000, 0.023810, 0.000000, 1.000000;;
                          }
                        } // End of metarig_f_pinky_03_L
                      } // End of metarig_f_pinky_02_L
                    } // End of metarig_f_pinky_01_L
                  } // End of metarig_palm_04_L
                } // End of metarig_hand_L
              } // End of metarig_forearm_L
            } // End of metarig_upper_arm_L
          } // End of metarig_shoulder_L
          Frame metarig_shoulder_R {
            FrameTransformMatrix {
               0.430047, 0.031392,-0.902260, 0.000000,
              -0.902806, 0.014372,-0.429808, 0.000000,
              -0.000525, 0.999404, 0.034521, 0.000000,
              -0.019286, 0.220120, 0.082105, 1.000000;;
            }
            Frame metarig_upper_arm_R {
              FrameTransformMatrix {
                 0.061354, 0.007069, 0.998091, 0.000000,
                -0.455972, 0.889729, 0.021728, 0.000000,
                -0.887877,-0.456434, 0.057812, 0.000000,
                -0.008210, 0.211611,-0.022240, 1.000000;;
              }
              Frame metarig_forearm_R {
                FrameTransformMatrix {
                   0.999910,-0.007374,-0.011218, 0.000000,
                   0.008256, 0.996700, 0.080754, 0.000000,
                   0.010586,-0.080839, 0.996671, 0.000000,
                  -0.000000, 0.304056, 0.000000, 1.000000;;
                }
                Frame metarig_WeaponHandle {
                  FrameTransformMatrix {
                    -0.025185, 0.991229,-0.129734, 0.000000,
                    -0.070544, 0.127689, 0.989303, 0.000000,
                     0.997191, 0.034067, 0.066710, 0.000000,
                     0.000000, 0.276998, 0.000000, 1.000000;;
                  }
                  Frame metarig_WeaponForwrad1 {
                    FrameTransformMatrix {
                      -0.000000, 1.000000,-0.000000, 0.000000,
                      -1.000000, 0.000000,-0.000000, 0.000000,
                       0.000000, 0.000000, 1.000000, 0.000000,
                      -0.000000, 1.099999, 0.000000, 1.000000;;
                    }
                  } // End of metarig_WeaponForwrad1
                  Frame metarig_WeaponForwrad2 {
                    FrameTransformMatrix {
                      -0.000000,-1.000000, 0.000000, 0.000000,
                       1.000000,-0.000000, 0.000000, 0.000000,
                       0.000000, 0.000000, 1.000000, 0.000000,
                      -0.000000, 1.099999, 0.000000, 1.000000;;
                    }
                  } // End of metarig_WeaponForwrad2
                } // End of metarig_WeaponHandle
                Frame metarig_hand_R {
                  FrameTransformMatrix {
                    -0.009378, 0.049840, 0.998713, 0.000000,
                    -0.056128, 0.997156,-0.050290, 0.000000,
                    -0.998380,-0.056527,-0.006554, 0.000000,
                     0.000000, 0.276998, 0.000000, 1.000000;;
                  }
                  Frame metarig_palm_01_R {
                    FrameTransformMatrix {
                       0.964601,-0.263498, 0.010707, 0.000000,
                       0.263557, 0.964633,-0.004565, 0.000000,
                      -0.009126, 0.007225, 0.999932, 0.000000,
                       0.050909, 0.041890,-0.005541, 1.000000;;
                    }
                    Frame metarig_f_index_01_R {
                      FrameTransformMatrix {
                         0.976920, 0.173449, 0.124673, 0.000000,
                        -0.149840, 0.972420,-0.178736, 0.000000,
                        -0.152237, 0.155930, 0.975966, 0.000000,
                        -0.000000, 0.073378, 0.000000, 1.000000;;
                      }
                      Frame metarig_f_index_02_R {
                        FrameTransformMatrix {
                           0.999848, 0.012694,-0.011988, 0.000000,
                          -0.010669, 0.987696, 0.156021, 0.000000,
                           0.013821,-0.155869, 0.987681, 0.000000,
                          -0.000000, 0.047476,-0.000000, 1.000000;;
                        }
                        Frame metarig_f_index_03_R {
                          FrameTransformMatrix {
                             0.997918, 0.063998,-0.007958, 0.000000,
                            -0.060540, 0.972156, 0.226381, 0.000000,
                             0.022224,-0.225428, 0.974006, 0.000000,
                             0.000000, 0.029739,-0.000000, 1.000000;;
                          }
                        } // End of metarig_f_index_03_R
                      } // End of metarig_f_index_02_R
                    } // End of metarig_f_index_01_R
                    Frame metarig_thumb_01_R {
                      FrameTransformMatrix {
                        -0.089073,-0.528670, 0.844141, 0.000000,
                         0.296951, 0.794872, 0.529149, 0.000000,
                        -0.950729, 0.297801, 0.086187, 0.000000,
                         0.026403,-0.016897, 0.025837, 1.000000;;
                      }
                      Frame metarig_thumb_02_R {
                        FrameTransformMatrix {
                           0.989123, 0.146647, 0.011428, 0.000000,
                          -0.142812, 0.938845, 0.313328, 0.000000,
                           0.035220,-0.311552, 0.949576, 0.000000,
                           0.000000, 0.043994, 0.000000, 1.000000;;
                        }
                        Frame metarig_thumb_03_R {
                          FrameTransformMatrix {
                             0.996596, 0.082258, 0.005442, 0.000000,
                            -0.082392, 0.996070, 0.032495, 0.000000,
                            -0.002747,-0.032833, 0.999457, 0.000000,
                             0.000000, 0.035249,-0.000000, 1.000000;;
                          }
                        } // End of metarig_thumb_03_R
                      } // End of metarig_thumb_02_R
                    } // End of metarig_thumb_01_R
                  } // End of metarig_palm_01_R
                  Frame metarig_palm_02_R {
                    FrameTransformMatrix {
                       0.997847,-0.065048,-0.008375, 0.000000,
                       0.064859, 0.997670,-0.021168, 0.000000,
                       0.009733, 0.020579, 0.999741, 0.000000,
                       0.014760, 0.044346,-0.008115, 1.000000;;
                    }
                    Frame metarig_f_middle_01_R {
                      FrameTransformMatrix {
                         0.996432, 0.067498, 0.050675, 0.000000,
                        -0.063209, 0.994630,-0.081947, 0.000000,
                        -0.055934, 0.078452, 0.995348, 0.000000,
                         0.000000, 0.071861, 0.000000, 1.000000;;
                      }
                      Frame metarig_f_middle_02_R {
                        FrameTransformMatrix {
                           0.996837, 0.038206,-0.069680, 0.000000,
                          -0.020685, 0.971368, 0.236680, 0.000000,
                           0.076728,-0.234491, 0.969086, 0.000000,
                           0.000000, 0.052219,-0.000000, 1.000000;;
                        }
                        Frame metarig_f_middle_03_R {
                          FrameTransformMatrix {
                             0.998509, 0.039460,-0.037708, 0.000000,
                            -0.034793, 0.992487, 0.117293, 0.000000,
                             0.042053,-0.115807, 0.992381, 0.000000,
                            -0.000000, 0.033926, 0.000000, 1.000000;;
                          }
                        } // End of metarig_f_middle_03_R
                      } // End of metarig_f_middle_02_R
                    } // End of metarig_f_middle_01_R
                  } // End of metarig_palm_02_R
                  Frame metarig_palm_03_R {
                    FrameTransformMatrix {
                       0.996831, 0.065253,-0.045488, 0.000000,
                      -0.067179, 0.996848,-0.042200, 0.000000,
                       0.042591, 0.045122, 0.998073, 0.000000,
                      -0.009796, 0.042204,-0.007321, 1.000000;;
                    }
                    Frame metarig_f_ring_01_R {
                      FrameTransformMatrix {
                         0.998753,-0.028396,-0.041070, 0.000000,
                         0.030750, 0.997851, 0.057870, 0.000000,
                         0.039338,-0.059061, 0.997479, 0.000000,
                        -0.000000, 0.073555, 0.000000, 1.000000;;
                      }
                      Frame metarig_f_ring_02_R {
                        FrameTransformMatrix {
                           0.998272, 0.044355,-0.038538, 0.000000,
                          -0.038165, 0.988148, 0.148684, 0.000000,
                           0.044677,-0.146956, 0.988133, 0.000000,
                           0.000000, 0.047231, 0.000000, 1.000000;;
                        }
                        Frame metarig_f_ring_03_R {
                          FrameTransformMatrix {
                             0.993884, 0.085277,-0.070164, 0.000000,
                            -0.059309, 0.948147, 0.312248, 0.000000,
                             0.093153,-0.306177, 0.947406, 0.000000,
                            -0.000000, 0.033514,-0.000000, 1.000000;;
                          }
                        } // End of metarig_f_ring_03_R
                      } // End of metarig_f_ring_02_R
                    } // End of metarig_f_ring_01_R
                  } // End of metarig_palm_03_R
                  Frame metarig_palm_04_R {
                    FrameTransformMatrix {
                       0.981907, 0.188477,-0.018311, 0.000000,
                      -0.188531, 0.982066,-0.001272, 0.000000,
                       0.017743, 0.004701, 0.999831, 0.000000,
                      -0.025449, 0.037932,-0.004811, 1.000000;;
                    }
                    Frame metarig_f_pinky_01_R {
                      FrameTransformMatrix {
                         0.976382,-0.060036,-0.207545, 0.000000,
                         0.102378, 0.974485, 0.199744, 0.000000,
                         0.190258,-0.216274, 0.957616, 0.000000,
                        -0.000000, 0.078833, 0.000000, 1.000000;;
                      }
                      Frame metarig_f_pinky_02_R {
                        FrameTransformMatrix {
                           0.999244, 0.033321,-0.020034, 0.000000,
                          -0.031451, 0.995681, 0.087352, 0.000000,
                           0.022858,-0.086655, 0.995976, 0.000000,
                          -0.000000, 0.029379, 0.000000, 1.000000;;
                        }
                        Frame metarig_f_pinky_03_R {
                          FrameTransformMatrix {
                             0.999091, 0.032668,-0.027379, 0.000000,
                            -0.027465, 0.984611, 0.172590, 0.000000,
                             0.032596,-0.171682, 0.984613, 0.000000,
                            -0.000000, 0.023810, 0.000000, 1.000000;;
                          }
                        } // End of metarig_f_pinky_03_R
                      } // End of metarig_f_pinky_02_R
                    } // End of metarig_f_pinky_01_R
                  } // End of metarig_palm_04_R
                } // End of metarig_hand_R
              } // End of metarig_forearm_R
            } // End of metarig_upper_arm_R
          } // End of metarig_shoulder_R
        } // End of metarig_chest
        Frame metarig_spine_L {
          FrameTransformMatrix {
            -0.812507,-0.117346,-0.571019, 0.000000,
            -0.565413, 0.397101, 0.722924, 0.000000,
             0.141919, 0.910242,-0.388996, 0.000000,
            -0.000000, 0.221829,-0.000000, 1.000000;;
          }
          Frame metarig_spine_L_001 {
            FrameTransformMatrix {
               0.812452, 0.557013,-0.172212, 0.000000,
               0.288510,-0.640778,-0.711453, 0.000000,
              -0.506639, 0.528337,-0.681305, 0.000000,
               0.000000, 0.272234,-0.000000, 1.000000;;
            }
            Frame metarig_spine_L_002 {
              FrameTransformMatrix {
                 0.994507,-0.093925,-0.046200, 0.000000,
                 0.104658, 0.884967, 0.453740, 0.000000,
                -0.001731,-0.456083, 0.889936, 0.000000,
                 0.000000, 0.227189,-0.000000, 1.000000;;
              }
            } // End of metarig_spine_L_002
          } // End of metarig_spine_L_001
        } // End of metarig_spine_L
        Frame metarig_spine_R {
          FrameTransformMatrix {
            -0.812506, 0.117347, 0.571019, 0.000000,
             0.565413, 0.397100, 0.722924, 0.000000,
            -0.141919, 0.910242,-0.388996, 0.000000,
            -0.000000, 0.221829,-0.000000, 1.000000;;
          }
          Frame metarig_spine_R_001 {
            FrameTransformMatrix {
               0.812452,-0.557014, 0.172212, 0.000000,
              -0.288510,-0.640777,-0.711453, 0.000000,
               0.506639, 0.528337,-0.681305, 0.000000,
               0.000000, 0.272234, 0.000000, 1.000000;;
            }
            Frame metarig_spine_R_002 {
              FrameTransformMatrix {
                 0.994507, 0.093925, 0.046200, 0.000000,
                -0.104658, 0.884967, 0.453740, 0.000000,
                 0.001732,-0.456083, 0.889936, 0.000000,
                 0.000000, 0.227189, 0.000000, 1.000000;;
              }
            } // End of metarig_spine_R_002
          } // End of metarig_spine_R_001
        } // End of metarig_spine_R
      } // End of metarig_spine
      Frame metarig_thigh_L {
        FrameTransformMatrix {
           0.999164,-0.039286, 0.011270, 0.000000,
          -0.040868,-0.963741, 0.263689, 0.000000,
           0.000503,-0.263930,-0.964538, 0.000000,
           0.125746, 0.145801, 0.072237, 1.000000;;
        }
        Frame metarig_shin_L {
          FrameTransformMatrix {
             0.996665,-0.080963,-0.010201, 0.000000,
             0.081333, 0.995736, 0.043519, 0.000000,
             0.006634,-0.044204, 0.999001, 0.000000,
            -0.000000, 0.472408, 0.000000, 1.000000;;
          }
          Frame metarig_foot_L {
            FrameTransformMatrix {
               0.990647,-0.064765, 0.120099, 0.000000,
               0.123594, 0.798860,-0.588682, 0.000000,
              -0.057816, 0.598020, 0.799393, 0.000000,
               0.000000, 0.277456, 0.000000, 1.000000;;
            }
            Frame metarig_toe_L {
              FrameTransformMatrix {
                -0.988520,-0.149130, 0.024275, 0.000000,
                -0.116226, 0.647869,-0.752833, 0.000000,
                 0.096543,-0.747011,-0.657764, 0.000000,
                 0.000000, 0.222343, 0.000000, 1.000000;;
              }
            } // End of metarig_toe_L
          } // End of metarig_foot_L
          Frame metarig_heel_L {
            FrameTransformMatrix {
              -0.994832,-0.082162,-0.059655, 0.000000,
              -0.095901, 0.953339, 0.286263, 0.000000,
               0.033352, 0.290505,-0.956292, 0.000000,
               0.000000, 0.277456, 0.000000, 1.000000;;
            }
            Frame metarig_heel_02_L {
              FrameTransformMatrix {
                 0.057673,-0.535446, 0.842598, 0.000000,
                -0.997968,-0.053816, 0.034108, 0.000000,
                 0.027082,-0.842853,-0.537462, 0.000000,
                 0.028407, 0.122840, 0.045390, 1.000000;;
              }
            } // End of metarig_heel_02_L
          } // End of metarig_heel_L
        } // End of metarig_shin_L
      } // End of metarig_thigh_L
      Frame metarig_thigh_R {
        FrameTransformMatrix {
           0.998584, 0.051187,-0.014516, 0.000000,
           0.053202,-0.963736, 0.261500, 0.000000,
          -0.000604,-0.261902,-0.965094, 0.000000,
          -0.125746, 0.138762, 0.076047, 1.000000;;
        }
        Frame metarig_shin_R {
          FrameTransformMatrix {
             0.995939, 0.089407, 0.010556, 0.000000,
            -0.089794, 0.994951, 0.044831, 0.000000,
            -0.006495,-0.045597, 0.998939, 0.000000,
             0.000000, 0.469996,-0.000000, 1.000000;;
          }
          Frame metarig_foot_R {
            FrameTransformMatrix {
               0.986006, 0.091782,-0.139166, 0.000000,
              -0.156754, 0.794578,-0.586578, 0.000000,
               0.056741, 0.600185, 0.797846, 0.000000,
               0.000000, 0.269463,-0.000000, 1.000000;;
            }
            Frame metarig_toe_R {
              FrameTransformMatrix {
                -0.983538, 0.178930,-0.025225, 0.000000,
                 0.135945, 0.640732,-0.755632, 0.000000,
                -0.119042,-0.746623,-0.654510, 0.000000,
                 0.000000, 0.227176,-0.000000, 1.000000;;
              }
            } // End of metarig_toe_R
          } // End of metarig_foot_R
          Frame metarig_heel_R {
            FrameTransformMatrix {
              -0.997674, 0.054571, 0.040857, 0.000000,
               0.063524, 0.961694, 0.266662, 0.000000,
              -0.024740, 0.268637,-0.962924, 0.000000,
               0.000000, 0.269463,-0.000000, 1.000000;;
            }
            Frame metarig_heel_02_R {
              FrameTransformMatrix {
                 0.032885, 0.523946,-0.851116, 0.000000,
                 0.999418,-0.024969, 0.023244, 0.000000,
                -0.009073,-0.851385,-0.524463, 0.000000,
                -0.030952, 0.141828, 0.052769, 1.000000;;
              }
            } // End of metarig_heel_02_R
          } // End of metarig_heel_R
        } // End of metarig_shin_R
      } // End of metarig_thigh_R
    } // End of metarig_hips
    Frame Base {
      FrameTransformMatrix {
        -0.361973, 0.000000, 0.000000, 0.000000,
         0.000000,-0.000000, 0.361973, 0.000000,
         0.000000, 0.361973, 0.000000, 0.000000,
         0.000000, 0.008768, 0.029966, 1.000000;;
      }
      Mesh { // Base mesh
        9546;
         0.749479; 5.198292;-0.366997;,
         0.589292; 5.198454; 0.629897;,
         0.587798; 5.163933; 0.633081;,
         0.578681; 5.198705; 0.613256;,
         0.581746; 5.163927; 0.610392;,
         0.556670; 5.163701; 0.623417;,
         0.587798; 5.163933; 0.633081;,
         0.589292; 5.198454; 0.629897;,
         0.556670; 5.199093; 0.623095;,
         0.556670; 5.199093; 0.623095;,
         0.556670; 5.163701; 0.623417;,
         0.550056; 5.163718; 0.624063;,
         0.556670; 5.199093; 0.623095;,
         0.550056; 5.163718; 0.624063;,
         0.550056; 5.199280; 0.623579;,
         0.284354; 5.035519; 0.639694;,
         0.337857; 5.029043; 0.640517;,
         0.479055; 5.054336; 0.621506;,
         0.479055; 5.054336; 0.621506;,
         0.550393; 5.076843; 0.623119;,
         0.358810; 5.029640; 0.635745;,
         0.543528; 5.216318; 0.618819;,
         0.547923; 5.081414; 0.615634;,
         0.544338; 5.220750; 0.624700;,
         0.548373; 5.221121; 0.616243;,
         0.544338; 5.220750; 0.624700;,
         0.550056; 5.199280; 0.623579;,
         0.337857; 5.029043; 0.640517;,
         0.123313; 5.051966; 0.622227;,
         0.130603; 5.046422; 0.615380;,
         0.544558; 5.080672; 0.623370;,
         0.544338; 5.220750; 0.624700;,
         0.547923; 5.081414; 0.615634;,
         0.548373; 5.221121; 0.616243;,
         0.550056; 5.199280; 0.623579;,
         0.550056; 5.163718; 0.624063;,
         0.322619; 5.244149; 0.644129;,
         0.298347; 5.250816; 0.647444;,
         0.548373; 5.221121; 0.616243;,
         0.111288; 5.224809; 0.622283;,
         0.298347; 5.250816; 0.647444;,
         0.322619; 5.244149; 0.644129;,
         0.543528; 5.216318; 0.618819;,
         0.548373; 5.221121; 0.616243;,
         0.547923; 5.081414; 0.615634;,
         0.130603; 5.046422; 0.615380;,
         0.095778; 5.087032; 0.617368;,
         0.121780; 5.060144; 0.614247;,
         0.121780; 5.060144; 0.614247;,
         0.095778; 5.087032; 0.617368;,
         0.075894; 5.191040; 0.615143;,
         0.095778; 5.087032; 0.617368;,
         0.080699; 5.196139; 0.623672;,
         0.075894; 5.191040; 0.615143;,
         0.330788; 5.245849; 0.652369;,
         0.111166; 5.220812; 0.629228;,
         0.111288; 5.224809; 0.622283;,
         0.111288; 5.224809; 0.622283;,
         0.105802; 5.225099; 0.630010;,
         0.298347; 5.250816; 0.647444;,
         0.082466; 5.187943; 0.616898;,
         0.080699; 5.196139; 0.623672;,
         0.123313; 5.051966; 0.622227;,
         0.337857; 5.029043; 0.640517;,
         0.544558; 5.080672; 0.623370;,
         0.479055; 5.054336; 0.621506;,
         0.548373; 5.221121; 0.616243;,
         0.550056; 5.163718; 0.624063;,
         0.550393; 5.076843; 0.623119;,
         0.121780; 5.060144; 0.614247;,
         0.123313; 5.051966; 0.622227;,
         0.284354; 5.035519; 0.639694;,
         0.330788; 5.245849; 0.652369;,
         0.544338; 5.220750; 0.624700;,
         0.548373; 5.221121; 0.616243;,
         0.080427; 5.198501; 0.615981;,
         0.080699; 5.196139; 0.623672;,
         0.105802; 5.225099; 0.630010;,
         0.550056; 5.199280; 0.623579;,
         0.544338; 5.220750; 0.624700;,
         0.550056; 5.163718; 0.624063;,
         0.337857; 5.029043; 0.640517;,
         0.358810; 5.029640; 0.635745;,
         0.550393; 5.076843; 0.623119;,
         0.123313; 5.051966; 0.622227;,
         0.337857; 5.029043; 0.640517;,
         0.284354; 5.035519; 0.639694;,
         0.080699; 5.196139; 0.623672;,
         0.095778; 5.087032; 0.617368;,
         0.123313; 5.051966; 0.622227;,
         0.111166; 5.220812; 0.629228;,
         0.105802; 5.225099; 0.630010;,
         0.080699; 5.196139; 0.623672;,
         0.330788; 5.245849; 0.652369;,
         0.298347; 5.250816; 0.647444;,
         0.105802; 5.225099; 0.630010;,
         0.063117; 5.197837; 0.655760;,
         0.048599; 5.201797; 0.661467;,
         0.075894; 5.191040; 0.615143;,
         0.082466; 5.187943; 0.616898;,
         0.075894; 5.191040; 0.615143;,
         0.080427; 5.198501; 0.615981;,
         0.048599; 5.201797; 0.661467;,
         0.042284; 5.202301; 0.672077;,
         0.080699; 5.196139; 0.623672;,
        -0.003119; 5.196434; 0.673589;,
        -0.003119; 5.202107; 0.673750;,
         0.048599; 5.201797; 0.661467;,
        -0.003119; 5.201424; 0.681655;,
         0.042284; 5.202301; 0.672077;,
         0.048599; 5.201797; 0.661467;,
        -0.003119; 5.195918; 0.681332;,
        -0.003119; 5.196434; 0.673589;,
         0.063117; 5.197837; 0.655760;,
        -0.587173; 5.163880; 0.610993;,
        -0.754591; 5.164012;-0.368002;,
        -0.751858; 5.198299;-0.370438;,
        -0.562909; 5.163599; 0.623417;,
        -0.587173; 5.163880; 0.610993;,
        -0.584920; 5.198669; 0.613256;,
        -0.754591; 5.164012;-0.368002;,
        -0.587173; 5.163880; 0.610993;,
        -0.594037; 5.163918; 0.633081;,
        -0.562909; 5.199015; 0.623095;,
        -0.589266; 5.198540; 0.632051;,
        -0.594037; 5.163918; 0.633081;,
        -0.562909; 5.199015; 0.623095;,
        -0.584920; 5.198669; 0.613256;,
        -0.589266; 5.198540; 0.632051;,
        -0.751858; 5.198299;-0.370438;,
        -0.765392; 5.198342;-0.358372;,
        -0.589266; 5.198540; 0.632051;,
        -0.562909; 5.199015; 0.623095;,
        -0.556295; 5.199192; 0.623579;,
        -0.556295; 5.163601; 0.624063;,
        -0.562909; 5.199015; 0.623095;,
        -0.556295; 5.163601; 0.624063;,
        -0.562909; 5.163599; 0.623417;,
        -0.556183; 5.076015; 0.615257;,
        -0.334215; 5.025449; 0.634299;,
        -0.364134; 5.030422; 0.640321;,
        -0.551748; 5.080550; 0.616043;,
        -0.550219; 5.218634; 0.624614;,
        -0.554190; 5.078855; 0.623286;,
        -0.334215; 5.025449; 0.634299;,
        -0.136098; 5.046179; 0.623179;,
        -0.364134; 5.030422; 0.640321;,
        -0.328622; 5.244161; 0.644133;,
        -0.549388; 5.216830; 0.616601;,
        -0.358789; 5.249853; 0.645462;,
        -0.328622; 5.244161; 0.644133;,
        -0.358789; 5.249853; 0.645462;,
        -0.114422; 5.227081; 0.628437;,
        -0.316237; 5.032349; 0.636024;,
        -0.334215; 5.025449; 0.634299;,
        -0.556183; 5.076015; 0.615257;,
        -0.556183; 5.076015; 0.615257;,
