xof 0303txt 0032

template XSkinMeshHeader {
  <3cf169ce-ff7c-44ab-93c0-f78f62d172e2>
  WORD nMaxSkinWeightsPerVertex;
  WORD nMaxSkinWeightsPerFace;
  WORD nBones;
}

template SkinWeights {
  <6f0d123b-bad2-4167-a0d0-80224f25fabb>
  STRING transformNodeName;
  DWORD nWeights;
  array DWORD vertexIndices[nWeights];
  array float weights[nWeights];
  Matrix4x4 matrixOffset;
}

Frame Root {
  FrameTransformMatrix {
     1.000000, 0.000000, 0.000000, 0.000000,
     0.000000,-0.000000, 1.000000, 0.000000,
     0.000000, 1.000000, 0.000000, 0.000000,
     0.000000, 0.000000, 0.000000, 1.000000;;
  }
  Frame metarig {
    FrameTransformMatrix {
       3.011095, 0.000000, 0.000000, 0.000000,
       0.000000, 3.011095,-0.000000, 0.000000,
       0.000000, 0.000000, 3.011095, 0.000000,
       0.000000,-0.046990,-0.234439, 1.000000;;
    }
    Frame metarig_hips {
      FrameTransformMatrix {
         1.000000, 0.000000, 0.000000, 0.000000,
        -0.000000,-0.213596, 0.976922, 0.000000,
         0.000000,-0.976922,-0.213596, 0.000000,
        -0.000000, 0.196688, 0.841790, 1.000000;;
      }
      Frame metarig_spine {
        FrameTransformMatrix {
           1.000000,-0.000000,-0.000000, 0.000000,
           0.000000, 0.989658,-0.143448, 0.000000,
           0.000000, 0.143448, 0.989658, 0.000000,
           0.000000, 0.177906,-0.000000, 1.000000;;
        }
        Frame metarig_chest {
          FrameTransformMatrix {
             1.000000,-0.000000,-0.000000, 0.000000,
             0.000000, 0.994380,-0.105864, 0.000000,
             0.000000, 0.105864, 0.994380, 0.000000,
             0.000000, 0.210488,-0.000000, 1.000000;;
          }
          Frame metarig_neck {
            FrameTransformMatrix {
               1.000000, 0.000000, 0.000000, 0.000000,
              -0.000000, 0.949232, 0.314578, 0.000000,
               0.000000,-0.314578, 0.949232, 0.000000,
              -0.000000, 0.264707, 0.000000, 1.000000;;
            }
            Frame metarig_head {
              FrameTransformMatrix {
                 1.000000, 0.000000, 0.000000, 0.000000,
                 0.000000, 0.959589,-0.281407, 0.000000,
                -0.000000, 0.281407, 0.959589, 0.000000,
                 0.000000, 0.120220, 0.000000, 1.000000;;
              }
            } // End of metarig_head
          } // End of metarig_neck
          Frame metarig_shoulder_L {
            FrameTransformMatrix {
               0.474241,-0.035997, 0.879659, 0.000000,
               0.874429,-0.096863,-0.475386, 0.000000,
               0.102319, 0.994647,-0.014459, 0.000000,
               0.018300, 0.208866, 0.077907, 1.000000;;
            }
            Frame metarig_upper_arm_L {
              FrameTransformMatrix {
                 0.028198, 0.073463,-0.996899, 0.000000,
                 0.488284, 0.869204, 0.077865, 0.000000,
                 0.872229,-0.488965,-0.011361, 0.000000,
                 0.002051, 0.185424,-0.001258, 1.000000;;
              }
              Frame metarig_forearm_L {
                FrameTransformMatrix {
                   0.998462, 0.055336, 0.003336, 0.000000,
                  -0.055371, 0.998398, 0.011527, 0.000000,
                  -0.002693,-0.011694, 0.999927, 0.000000,
                  -0.000000, 0.216843, 0.000000, 1.000000;;
                }
                Frame metarig_hand_L {
                  FrameTransformMatrix {
                    -0.012383,-0.039480,-0.999144, 0.000000,
                     0.027718, 0.998823,-0.039811, 0.000000,
                     0.999539,-0.028187,-0.011274, 0.000000,
                    -0.000000, 0.361187, 0.000000, 1.000000;;
                  }
                  Frame metarig_palm_01_L {
                    FrameTransformMatrix {
                       0.964600, 0.263494,-0.010701, 0.000000,
                      -0.263554, 0.964633,-0.004560, 0.000000,
                       0.009122, 0.007219, 0.999932, 0.000000,
                      -0.048306, 0.039748,-0.005258, 1.000000;;
                    }
                    Frame metarig_f_index_01_L {
                      FrameTransformMatrix {
                         0.976467,-0.175462,-0.125402, 0.000000,
                         0.151743, 0.972144,-0.178640, 0.000000,
                         0.153253, 0.155407, 0.975891, 0.000000,
                         0.000000, 0.069626, 0.000000, 1.000000;;
                      }
                      Frame metarig_f_index_02_L {
                        FrameTransformMatrix {
                           0.999897,-0.007039, 0.012570, 0.000000,
                           0.005003, 0.987865, 0.155230, 0.000000,
                          -0.013510,-0.155152, 0.987798, 0.000000,
                           0.000000, 0.045040, 0.000000, 1.000000;;
                        }
                        Frame metarig_f_index_03_L {
                          FrameTransformMatrix {
                             0.997689,-0.067494, 0.007871, 0.000000,
                             0.063956, 0.971843, 0.226783, 0.000000,
                            -0.022955,-0.225756, 0.973913, 0.000000,
                             0.000000, 0.028224,-0.000000, 1.000000;;
                          }
                        } // End of metarig_f_index_03_L
                      } // End of metarig_f_index_02_L
                    } // End of metarig_f_index_01_L
                    Frame metarig_thumb_01_L {
                      FrameTransformMatrix {
                        -0.089067, 0.528674,-0.844139, 0.000000,
                        -0.296952, 0.794871, 0.529150, 0.000000,
                         0.950730, 0.297799, 0.086194, 0.000000,
                        -0.025053,-0.016033, 0.024517, 1.000000;;
                      }
                      Frame metarig_thumb_02_L {
                        FrameTransformMatrix {
                           0.989122,-0.146648,-0.011449, 0.000000,
                           0.142820, 0.938843, 0.313331, 0.000000,
                          -0.035201,-0.311557, 0.949575, 0.000000,
                           0.000000, 0.041745, 0.000000, 1.000000;;
                        }
                        Frame metarig_thumb_03_L {
                          FrameTransformMatrix {
                             0.996599,-0.082225,-0.005439, 0.000000,
                             0.082358, 0.996073, 0.032496, 0.000000,
                             0.002745,-0.032833, 0.999457, 0.000000,
                             0.000000, 0.033446, 0.000000, 1.000000;;
                          }
                        } // End of metarig_thumb_03_L
                      } // End of metarig_thumb_02_L
                    } // End of metarig_thumb_01_L
                  } // End of metarig_palm_01_L
                  Frame metarig_palm_02_L {
                    FrameTransformMatrix {
                       0.997847, 0.065044, 0.008379, 0.000000,
                      -0.064855, 0.997669,-0.021162, 0.000000,
                      -0.009736, 0.020573, 0.999740, 0.000000,
                      -0.014005, 0.042079,-0.007701, 1.000000;;
                    }
                    Frame metarig_f_middle_01_L {
                      FrameTransformMatrix {
                         0.996263,-0.069309,-0.051539, 0.000000,
                         0.064952, 0.994524,-0.081879, 0.000000,
                         0.056931, 0.078225, 0.995309, 0.000000,
                        -0.000000, 0.068187, 0.000000, 1.000000;;
                      }
                      Frame metarig_f_middle_02_L {
                        FrameTransformMatrix {
                           0.996960,-0.033196, 0.070486, 0.000000,
                           0.015648, 0.971565, 0.236252, 0.000000,
                          -0.076325,-0.234431, 0.969131, 0.000000,
                           0.000000, 0.049540, 0.000000, 1.000000;;
                        }
                        Frame metarig_f_middle_03_L {
                          FrameTransformMatrix {
                             0.998386,-0.042553, 0.037617, 0.000000,
                             0.037875, 0.992369, 0.117341, 0.000000,
                            -0.042323,-0.115726, 0.992379, 0.000000,
                            -0.000000, 0.032196,-0.000000, 1.000000;;
                          }
                        } // End of metarig_f_middle_03_L
                      } // End of metarig_f_middle_02_L
                    } // End of metarig_f_middle_01_L
                  } // End of metarig_palm_02_L
                  Frame metarig_palm_03_L {
                    FrameTransformMatrix {
                       0.996926,-0.063830, 0.045430, 0.000000,
                       0.065754, 0.996942,-0.042204, 0.000000,
                      -0.042597, 0.045062, 0.998075, 0.000000,
                       0.009395, 0.040036,-0.006947, 1.000000;;
                    }
                    Frame metarig_f_ring_01_L {
                      FrameTransformMatrix {
                         0.998792, 0.026968, 0.041073, 0.000000,
                        -0.029322, 0.997897, 0.057810, 0.000000,
                        -0.039428,-0.058944, 0.997483, 0.000000,
                        -0.000000, 0.069797,-0.000000, 1.000000;;
                      }
                      Frame metarig_f_ring_02_L {
                        FrameTransformMatrix {
                           0.998272,-0.044354, 0.038536, 0.000000,
                           0.038164, 0.988143, 0.148719, 0.000000,
                          -0.044675,-0.146991, 0.988128, 0.000000,
                          -0.000000, 0.044817,-0.000000, 1.000000;;
                        }
                        Frame metarig_f_ring_03_L {
                          FrameTransformMatrix {
                             0.993889,-0.085253, 0.070107, 0.000000,
                             0.059313, 0.948177, 0.312157, 0.000000,
                            -0.093086,-0.306091, 0.947440, 0.000000,
                            -0.000000, 0.031801, 0.000000, 1.000000;;
                          }
                        } // End of metarig_f_ring_03_L
                      } // End of metarig_f_ring_02_L
                    } // End of metarig_f_ring_01_L
                  } // End of metarig_palm_03_L
                  Frame metarig_palm_04_L {
                    FrameTransformMatrix {
                       0.981906,-0.188481, 0.018312, 0.000000,
                       0.188535, 0.982065,-0.001265, 0.000000,
                      -0.017745, 0.004695, 0.999831, 0.000000,
                       0.024147, 0.035993,-0.004566, 1.000000;;
                    }
                    Frame metarig_f_pinky_01_L {
                      FrameTransformMatrix {
                         0.976383, 0.060048, 0.207532, 0.000000,
                        -0.102377, 0.974495, 0.199695, 0.000000,
                        -0.190248,-0.216226, 0.957628, 0.000000,
                        -0.000000, 0.074803,-0.000000, 1.000000;;
                      }
                      Frame metarig_f_pinky_02_L {
                        FrameTransformMatrix {
                           0.999243,-0.033335, 0.020045, 0.000000,
                           0.031463, 0.995673, 0.087428, 0.000000,
                          -0.022872,-0.086731, 0.995969, 0.000000,
                           0.000000, 0.027876,-0.000000, 1.000000;;
                        }
                        Frame metarig_f_pinky_03_L {
                          FrameTransformMatrix {
                             0.999088,-0.032683, 0.027454, 0.000000,
                             0.027469, 0.984620, 0.172538, 0.000000,
                            -0.032671,-0.171627, 0.984620, 0.000000,
                            -0.000000, 0.022592, 0.000000, 1.000000;;
                          }
                        } // End of metarig_f_pinky_03_L
                      } // End of metarig_f_pinky_02_L
                    } // End of metarig_f_pinky_01_L
                  } // End of metarig_palm_04_L
                } // End of metarig_hand_L
              } // End of metarig_forearm_L
            } // End of metarig_upper_arm_L
          } // End of metarig_shoulder_L
          Frame metarig_shoulder_R {
            FrameTransformMatrix {
               0.474241, 0.035997,-0.879659, 0.000000,
              -0.874430,-0.096862,-0.475386, 0.000000,
              -0.102318, 0.994647,-0.014459, 0.000000,
              -0.018300, 0.208866, 0.077907, 1.000000;;
            }
            Frame metarig_upper_arm_R {
              FrameTransformMatrix {
                 0.028198,-0.073464, 0.996899, 0.000000,
                -0.488283, 0.869204, 0.077865, 0.000000,
                -0.872229,-0.488964,-0.011361, 0.000000,
                -0.002051, 0.185424,-0.001258, 1.000000;;
              }
              Frame metarig_forearm_R {
                FrameTransformMatrix {
                   0.998761,-0.010751,-0.048576, 0.000000,
                   0.011022, 0.999924, 0.005328, 0.000000,
                   0.048515,-0.005856, 0.998805, 0.000000,
                  -0.000000, 0.216843,-0.000000, 1.000000;;
                }
                Frame metarig_WeaponHandle {
                  FrameTransformMatrix {
                     0.014345, 0.999702,-0.019733, 0.000000,
                    -0.087684, 0.020916, 0.995929, 0.000000,
                     0.996045,-0.012556, 0.087958, 0.000000,
                     0.000000, 0.354830,-0.000000, 1.000000;;
                  }
                  Frame metarig_WeaponHandleLeft {
                    FrameTransformMatrix {
                      -0.034996,-0.999388,-0.000000, 0.000000,
                       0.999388,-0.034996, 0.000000, 0.000000,
                      -0.000000,-0.000000, 1.000000, 0.000000,
                       0.000000, 0.863473,-0.000000, 1.000000;;
                    }
                  } // End of metarig_WeaponHandleLeft
                  Frame metarig_WeaponHandleRight {
                    FrameTransformMatrix {
                       0.000000, 1.000000, 0.000000, 0.000000,
                      -1.000000,-0.000000,-0.000000, 0.000000,
                      -0.000000,-0.000000, 1.000000, 0.000000,
                       0.000000, 0.863473,-0.000000, 1.000000;;
                    }
                  } // End of metarig_WeaponHandleRight
                } // End of metarig_WeaponHandle
                Frame metarig_hand_R {
                  FrameTransformMatrix {
                    -0.084893, 0.007678, 0.996360, 0.000000,
                    -0.014731, 0.999851,-0.008960, 0.000000,
                    -0.996281,-0.015438,-0.084767, 0.000000,
                     0.000000, 0.354830,-0.000000, 1.000000;;
                  }
                  Frame metarig_palm_01_R {
                    FrameTransformMatrix {
                       0.964601,-0.263497, 0.010708, 0.000000,
                       0.263557, 0.964632,-0.004565, 0.000000,
                      -0.009126, 0.007225, 0.999933, 0.000000,
                       0.048306, 0.039748,-0.005258, 1.000000;;
                    }
                    Frame metarig_f_index_01_R {
                      FrameTransformMatrix {
                         0.976920, 0.173450, 0.124676, 0.000000,
                        -0.149841, 0.972421,-0.178734, 0.000000,
                        -0.152239, 0.155927, 0.975967, 0.000000,
                        -0.000000, 0.069626,-0.000000, 1.000000;;
                      }
                      Frame metarig_f_index_02_R {
                        FrameTransformMatrix {
                           0.999847, 0.012691,-0.011982, 0.000000,
                          -0.010667, 0.987695, 0.156029, 0.000000,
                           0.013815,-0.155877, 0.987680, 0.000000,
                           0.000000, 0.045049, 0.000000, 1.000000;;
                        }
                        Frame metarig_f_index_03_R {
                          FrameTransformMatrix {
                             0.997919, 0.063997,-0.007968, 0.000000,
                            -0.060537, 0.972158, 0.226371, 0.000000,
                             0.022233,-0.225418, 0.974008, 0.000000,
                             0.000000, 0.028218,-0.000000, 1.000000;;
                          }
                        } // End of metarig_f_index_03_R
                      } // End of metarig_f_index_02_R
                    } // End of metarig_f_index_01_R
                    Frame metarig_thumb_01_R {
                      FrameTransformMatrix {
                        -0.089072,-0.528671, 0.844141, 0.000000,
                         0.296952, 0.794872, 0.529148, 0.000000,
                        -0.950730, 0.297802, 0.086189, 0.000000,
                         0.025053,-0.016033, 0.024516, 1.000000;;
                      }
                      Frame metarig_thumb_02_R {
                        FrameTransformMatrix {
                           0.989124, 0.146641, 0.011429, 0.000000,
                          -0.142807, 0.938845, 0.313329, 0.000000,
                           0.035217,-0.311553, 0.949576, 0.000000,
                          -0.000000, 0.041745,-0.000000, 1.000000;;
                        }
                        Frame metarig_thumb_03_R {
                          FrameTransformMatrix {
                             0.996597, 0.082238, 0.005457, 0.000000,
                            -0.082372, 0.996071, 0.032495, 0.000000,
                            -0.002763,-0.032834, 0.999456, 0.000000,
                            -0.000000, 0.033446,-0.000000, 1.000000;;
                          }
                        } // End of metarig_thumb_03_R
                      } // End of metarig_thumb_02_R
                    } // End of metarig_thumb_01_R
                  } // End of metarig_palm_01_R
                  Frame metarig_palm_02_R {
                    FrameTransformMatrix {
                       0.997846,-0.065047,-0.008375, 0.000000,
                       0.064858, 0.997669,-0.021167, 0.000000,
                       0.009732, 0.020578, 0.999741, 0.000000,
                       0.014005, 0.042079,-0.007700, 1.000000;;
                    }
                    Frame metarig_f_middle_01_R {
                      FrameTransformMatrix {
                         0.996431, 0.067498, 0.050682, 0.000000,
                        -0.063209, 0.994631,-0.081940, 0.000000,
                        -0.055941, 0.078444, 0.995347, 0.000000,
                        -0.000000, 0.068187, 0.000000, 1.000000;;
                      }
                      Frame metarig_f_middle_02_R {
                        FrameTransformMatrix {
                           0.996836, 0.038211,-0.069706, 0.000000,
                          -0.020686, 0.971373, 0.236655, 0.000000,
                           0.076754,-0.234464, 0.969090, 0.000000,
                           0.000000, 0.049549,-0.000000, 1.000000;;
                        }
                        Frame metarig_f_middle_03_R {
                          FrameTransformMatrix {
                             0.998511, 0.039459,-0.037672, 0.000000,
                            -0.034794, 0.992484, 0.117328, 0.000000,
                             0.042018,-0.115842, 0.992379, 0.000000,
                            -0.000000, 0.032191,-0.000000, 1.000000;;
                          }
                        } // End of metarig_f_middle_03_R
                      } // End of metarig_f_middle_02_R
                    } // End of metarig_f_middle_01_R
                  } // End of metarig_palm_02_R
                  Frame metarig_palm_03_R {
                    FrameTransformMatrix {
                       0.996831, 0.065253,-0.045487, 0.000000,
                      -0.067180, 0.996848,-0.042199, 0.000000,
                       0.042590, 0.045121, 0.998073, 0.000000,
                      -0.009295, 0.040046,-0.006947, 1.000000;;
                    }
                    Frame metarig_f_ring_01_R {
                      FrameTransformMatrix {
                         0.998752,-0.028396,-0.041075, 0.000000,
                         0.030750, 0.997850, 0.057865, 0.000000,
                         0.039344,-0.059056, 0.997479, 0.000000,
                        -0.000000, 0.069794, 0.000000, 1.000000;;
                      }
                      Frame metarig_f_ring_02_R {
                        FrameTransformMatrix {
                           0.998273, 0.044353,-0.038520, 0.000000,
                          -0.038165, 0.988146, 0.148702, 0.000000,
                           0.044659,-0.146975, 0.988132, 0.000000,
                          -0.000000, 0.044816,-0.000000, 1.000000;;
                        }
                        Frame metarig_f_ring_03_R {
                          FrameTransformMatrix {
                             0.993883, 0.085280,-0.070176, 0.000000,
                            -0.059309, 0.948151, 0.312235, 0.000000,
                             0.093165,-0.306163, 0.947409, 0.000000,
                             0.000000, 0.031801, 0.000000, 1.000000;;
                          }
                        } // End of metarig_f_ring_03_R
                      } // End of metarig_f_ring_02_R
                    } // End of metarig_f_ring_01_R
                  } // End of metarig_palm_03_R
                  Frame metarig_palm_04_R {
                    FrameTransformMatrix {
                       0.981906, 0.188477,-0.018309, 0.000000,
                      -0.188532, 0.982066,-0.001270, 0.000000,
                       0.017741, 0.004699, 0.999831, 0.000000,
                      -0.024147, 0.035993,-0.004566, 1.000000;;
                    }
                    Frame metarig_f_pinky_01_R {
                      FrameTransformMatrix {
                         0.976378,-0.060035,-0.207560, 0.000000,
                         0.102377, 0.974488, 0.199729, 0.000000,
                         0.190275,-0.216260, 0.957616, 0.000000,
                        -0.000000, 0.074802,-0.000000, 1.000000;;
                      }
                      Frame metarig_f_pinky_02_R {
                        FrameTransformMatrix {
                           0.999244, 0.033321,-0.020003, 0.000000,
                          -0.031453, 0.995678, 0.087381, 0.000000,
                           0.022828,-0.086686, 0.995974, 0.000000,
                           0.000000, 0.027876, 0.000000, 1.000000;;
                        }
                        Frame metarig_f_pinky_03_R {
                          FrameTransformMatrix {
                             0.999089, 0.032681,-0.027444, 0.000000,
                            -0.027469, 0.984622, 0.172525, 0.000000,
                             0.032660,-0.171614, 0.984623, 0.000000,
                             0.000000, 0.022592, 0.000000, 1.000000;;
                          }
                        } // End of metarig_f_pinky_03_R
                      } // End of metarig_f_pinky_02_R
                    } // End of metarig_f_pinky_01_R
                  } // End of metarig_palm_04_R
                } // End of metarig_hand_R
              } // End of metarig_forearm_R
            } // End of metarig_upper_arm_R
          } // End of metarig_shoulder_R
        } // End of metarig_chest
      } // End of metarig_spine
      Frame metarig_thigh_L {
        FrameTransformMatrix {
           0.999164,-0.039289, 0.011273, 0.000000,
          -0.040871,-0.963741, 0.263688, 0.000000,
           0.000504,-0.263928,-0.964540, 0.000000,
           0.119317, 0.128460, 0.023328, 1.000000;;
        }
        Frame metarig_shin_L {
          FrameTransformMatrix {
             0.996610,-0.081646,-0.010081, 0.000000,
             0.081396, 0.996413,-0.023125, 0.000000,
             0.011933, 0.022226, 0.999681, 0.000000,
            -0.000000, 0.448255,-0.000000, 1.000000;;
          }
          Frame metarig_foot_L {
            FrameTransformMatrix {
               0.990647,-0.064764, 0.120099, 0.000000,
               0.123594, 0.798860,-0.588683, 0.000000,
              -0.057817, 0.598020, 0.799392, 0.000000,
              -0.000000, 0.263270, 0.000000, 1.000000;;
            }
            Frame metarig_toe_L {
              FrameTransformMatrix {
                -0.988519,-0.149134, 0.024279, 0.000000,
                -0.116232, 0.647869,-0.752833, 0.000000,
                 0.096543,-0.747011,-0.657764, 0.000000,
                 0.000000, 0.210975,-0.000000, 1.000000;;
              }
            } // End of metarig_toe_L
          } // End of metarig_foot_L
          Frame metarig_heel_L {
            FrameTransformMatrix {
              -0.994832,-0.082160,-0.059660, 0.000000,
              -0.095900, 0.953339, 0.286264, 0.000000,
               0.033357, 0.290506,-0.956291, 0.000000,
              -0.000000, 0.263270, 0.000000, 1.000000;;
            }
            Frame metarig_heel_02_L {
              FrameTransformMatrix {
                 0.057673,-0.535446, 0.842599, 0.000000,
                -0.997969,-0.053817, 0.034109, 0.000000,
                 0.027083,-0.842854,-0.537462, 0.000000,
                 0.026955, 0.116559, 0.043069, 1.000000;;
              }
            } // End of metarig_heel_02_L
          } // End of metarig_heel_L
        } // End of metarig_shin_L
      } // End of metarig_thigh_L
      Frame metarig_thigh_R {
        FrameTransformMatrix {
           0.998583, 0.051191,-0.014517, 0.000000,
           0.053206,-0.963735, 0.261500, 0.000000,
          -0.000604,-0.261902,-0.965095, 0.000000,
          -0.119317, 0.121781, 0.026943, 1.000000;;
        }
        Frame metarig_shin_R {
          FrameTransformMatrix {
             0.995877, 0.090096, 0.010521, 0.000000,
            -0.089893, 0.995781,-0.018397, 0.000000,
            -0.012135, 0.017375, 0.999775, 0.000000,
             0.000000, 0.445966,-0.000000, 1.000000;;
          }
          Frame metarig_foot_R {
            FrameTransformMatrix {
               0.986006, 0.091782,-0.139167, 0.000000,
              -0.156753, 0.794578,-0.586578, 0.000000,
               0.056742, 0.600185, 0.797847, 0.000000,
               0.000000, 0.255687, 0.000000, 1.000000;;
            }
            Frame metarig_toe_R {
              FrameTransformMatrix {
                -0.983539, 0.178930,-0.025219, 0.000000,
                 0.135941, 0.640734,-0.755632, 0.000000,
                -0.119046,-0.746622,-0.654511, 0.000000,
                 0.000000, 0.215561, 0.000000, 1.000000;;
              }
            } // End of metarig_toe_R
          } // End of metarig_foot_R
          Frame metarig_heel_R {
            FrameTransformMatrix {
              -0.997674, 0.054568, 0.040854, 0.000000,
               0.063519, 0.961694, 0.266663, 0.000000,
              -0.024738, 0.268638,-0.962924, 0.000000,
               0.000000, 0.255687, 0.000000, 1.000000;;
            }
            Frame metarig_heel_02_R {
              FrameTransformMatrix {
                 0.032886, 0.523946,-0.851116, 0.000000,
                 0.999418,-0.024970, 0.023245, 0.000000,
                -0.009073,-0.851386,-0.524463, 0.000000,
                -0.029369, 0.134577, 0.050071, 1.000000;;
              }
            } // End of metarig_heel_02_R
          } // End of metarig_heel_R
        } // End of metarig_shin_R
      } // End of metarig_thigh_R
    } // End of metarig_hips
    Frame All {
      FrameTransformMatrix {
         0.332105, 0.000000, 0.000000, 0.000000,
         0.000000,-0.000000, 0.332105, 0.000000,
         0.000000,-0.332105,-0.000000, 0.000000,
         0.000000, 0.015606, 0.077859, 1.000000;;
      }
      Mesh { // All mesh
        15888;
        -2.674820; 4.065279;-0.225506;,
        -2.594701; 4.061004;-0.255051;,
        -2.599322; 4.026818;-0.254640;,
        -2.582458; 4.080120;-0.221439;,
        -2.668934; 4.079783;-0.172115;,
        -2.526802; 4.076798;-0.207947;,
        -2.668934; 4.079783;-0.172115;,
        -2.661938; 4.053972;-0.156358;,
        -2.531511; 4.043609;-0.182755;,
        -2.665207; 4.025743;-0.164505;,
        -2.536620; 4.004816;-0.189469;,
        -2.531511; 4.043609;-0.182755;,
        -2.662569; 4.010835;-0.190480;,
        -2.574376; 3.990781;-0.207914;,
        -2.536620; 4.004816;-0.189469;,
        -2.664554; 4.014819;-0.219655;,
        -2.594455; 4.000446;-0.237727;,
        -2.574376; 3.990781;-0.207914;,
        -2.594455; 4.000446;-0.237727;,
        -2.664554; 4.014819;-0.219655;,
        -2.661884; 4.040000;-0.236246;,
        -2.674820; 4.065279;-0.225506;,
        -2.684978; 4.081083;-0.198517;,
        -2.582458; 4.080120;-0.221439;,
        -2.786421; 4.034090;-0.207526;,
        -2.845246; 4.053636;-0.187578;,
        -2.674820; 4.065279;-0.225506;,
        -2.684978; 4.081083;-0.198517;,
        -2.771118; 4.072557;-0.149311;,
        -2.668934; 4.079783;-0.172115;,
        -2.775308; 4.048548;-0.132210;,
        -2.661938; 4.053972;-0.156358;,
        -2.668934; 4.079783;-0.172115;,
        -2.774231; 4.021846;-0.140764;,
        -2.665207; 4.025743;-0.164505;,
        -2.661938; 4.053972;-0.156358;,
        -2.773745; 4.008690;-0.164162;,
        -2.662569; 4.010835;-0.190480;,
        -2.665207; 4.025743;-0.164505;,
        -2.784307; 4.009826;-0.190293;,
        -2.664554; 4.014819;-0.219655;,
        -2.662569; 4.010835;-0.190480;,
        -2.661884; 4.040000;-0.236246;,
        -2.664554; 4.014819;-0.219655;,
        -2.784307; 4.009826;-0.190293;,
        -2.845246; 4.053636;-0.187578;,
        -2.849332; 4.066372;-0.164189;,
        -2.684978; 4.081083;-0.198517;,
        -2.590186; 4.050984;-0.280986;,
        -2.576373; 4.069828;-0.289669;,
        -2.691986; 4.075876;-0.310528;,
        -2.573071; 4.057930;-0.361354;,
        -2.680489; 4.062703;-0.365586;,
        -2.683784; 4.079542;-0.339543;,
        -2.579192; 4.017334;-0.360880;,
        -2.674204; 4.031204;-0.370127;,
        -2.680489; 4.062703;-0.365586;,
        -2.576245; 3.991988;-0.341920;,
        -2.680217; 4.006045;-0.350502;,
        -2.674204; 4.031204;-0.370127;,
        -2.576245; 3.991988;-0.341920;,
        -2.594337; 3.987826;-0.305131;,
        -2.682133; 4.003579;-0.318159;,
        -2.594337; 3.987826;-0.305131;,
        -2.588921; 4.015239;-0.279201;,
        -2.684533; 4.022896;-0.295726;,
        -2.701431; 4.050865;-0.293884;,
        -2.684533; 4.022896;-0.295726;,
        -2.588921; 4.015239;-0.279201;,
        -2.691986; 4.075876;-0.310528;,
        -2.683784; 4.079542;-0.339543;,
        -2.786852; 4.067904;-0.347020;,
        -2.683784; 4.079542;-0.339543;,
        -2.680489; 4.062703;-0.365586;,
        -2.779228; 4.052048;-0.371469;,
        -2.674204; 4.031204;-0.370127;,
        -2.680217; 4.006045;-0.350502;,
        -2.789334; 3.996307;-0.357714;,
        -2.691986; 4.075876;-0.310528;,
        -2.797005; 4.064867;-0.317235;,
        -2.701431; 4.050865;-0.293884;,
        -2.779228; 4.052048;-0.371469;,
        -2.674204; 4.031204;-0.370127;,
        -2.794970; 4.019986;-0.376939;,
        -2.789334; 3.996307;-0.357714;,
        -2.682133; 4.003579;-0.318159;,
        -2.802720; 3.992972;-0.327019;,
        -2.682133; 4.003579;-0.318159;,
        -2.684533; 4.022896;-0.295726;,
        -2.808400; 4.011223;-0.304570;,
        -2.808400; 4.011223;-0.304570;,
        -2.684533; 4.022896;-0.295726;,
        -2.701431; 4.050865;-0.293884;,
        -2.779228; 4.052048;-0.371469;,
        -2.872050; 4.047428;-0.376175;,
        -2.786852; 4.067904;-0.347020;,
        -2.714203; 4.009620;-0.407240;,
        -2.571210; 4.041707;-0.388608;,
        -2.734924; 4.031315;-0.428253;,
        -2.571210; 4.041707;-0.388608;,
        -2.552132; 4.048944;-0.421594;,
        -2.751556; 4.032734;-0.460587;,
        -2.558666; 3.994500;-0.450933;,
        -2.762398; 3.984846;-0.486565;,
        -2.700134; 4.018344;-0.477182;,
        -2.550878; 3.967206;-0.430442;,
        -2.763645; 3.962859;-0.469119;,
        -2.762398; 3.984846;-0.486565;,
        -2.649223; 3.983540;-0.394230;,
        -2.764324; 3.977699;-0.416143;,
        -2.643341; 3.960821;-0.417600;,
        -2.714203; 4.009620;-0.407240;,
        -2.764324; 3.977699;-0.416143;,
        -2.649223; 3.983540;-0.394230;,
        -2.643341; 3.960821;-0.417600;,
        -2.763512; 3.959517;-0.440198;,
        -2.763645; 3.962859;-0.469119;,
        -2.503969; 3.957009;-0.509997;,
        -2.682553; 3.940263;-0.560392;,
        -2.604691; 3.977619;-0.536430;,
        -2.660393; 3.980533;-0.507839;,
        -2.547655; 3.998831;-0.490674;,
        -2.682184; 3.977151;-0.535544;,
        -2.604691; 3.977619;-0.536430;,
        -2.686632; 3.963548;-0.556704;,
        -2.682184; 3.977151;-0.535544;,
        -2.682553; 3.940263;-0.560392;,
        -2.609131; 3.933668;-0.523682;,
        -2.691301; 3.920942;-0.543685;,
        -2.609131; 3.933668;-0.523682;,
        -2.607445; 3.930502;-0.497154;,
        -2.693944; 3.920019;-0.520574;,
        -2.607445; 3.930502;-0.497154;,
        -2.610657; 3.945755;-0.477758;,
        -2.695587; 3.934150;-0.501360;,
        -2.695070; 3.957603;-0.498333;,
        -2.695587; 3.934150;-0.501360;,
        -2.610657; 3.945755;-0.477758;,
        -2.660393; 3.980533;-0.507839;,
        -2.682184; 3.977151;-0.535544;,
        -2.745721; 3.967957;-0.533042;,
        -2.428349; 3.957660;-0.127449;,
        -2.475632; 3.904728;-0.076771;,
        -2.390503; 3.952869;-0.116772;,
        -2.475632; 3.904728;-0.076771;,
        -2.465965; 3.873528;-0.077595;,
        -2.360405; 3.930159;-0.127186;,
        -2.465965; 3.873528;-0.077595;,
        -2.471527; 3.847382;-0.094307;,
        -2.323563; 3.916708;-0.171623;,
        -2.440353; 3.862293;-0.137289;,
        -2.374251; 3.884275;-0.178957;,
        -2.323563; 3.916708;-0.171623;,
        -2.471869; 3.871365;-0.151253;,
        -2.412253; 3.890806;-0.197136;,
        -2.374251; 3.884275;-0.178957;,
        -2.484398; 3.898335;-0.148450;,
        -2.440343; 3.915126;-0.186500;,
        -2.412253; 3.890806;-0.197136;,
        -2.440343; 3.915126;-0.186500;,
        -2.484398; 3.898335;-0.148450;,
        -2.450727; 3.941061;-0.151580;,
        -2.527763; 3.895882;-0.117735;,
        -2.503723; 3.913820;-0.095423;,
        -2.428349; 3.957660;-0.127449;,
        -2.496589; 3.826158;-0.119503;,
        -2.440353; 3.862293;-0.137289;,
        -2.471527; 3.847382;-0.094307;,
        -2.503723; 3.913820;-0.095423;,
        -2.552136; 3.854662;-0.056019;,
        -2.475632; 3.904728;-0.076771;,
        -2.521700; 3.836607;-0.137220;,
        -2.471869; 3.871365;-0.151253;,
        -2.496589; 3.826158;-0.119503;,
        -2.521700; 3.836607;-0.137220;,
        -2.537200; 3.865007;-0.135620;,
        -2.484398; 3.898335;-0.148450;,
        -2.527763; 3.895882;-0.117735;,
        -2.484398; 3.898335;-0.148450;,
        -2.537200; 3.865007;-0.135620;,
        -2.607445; 3.930502;-0.497154;,
        -2.609131; 3.933668;-0.523682;,
        -2.511559; 3.932361;-0.490997;,
        -2.516276; 3.921468;-0.462724;,
        -2.549700; 3.944007;-0.450120;,
        -2.610657; 3.945755;-0.477758;,
        -2.549700; 3.944007;-0.450120;,
        -2.549998; 3.960710;-0.444704;,
        -2.612701; 3.970101;-0.476311;,
        -2.549998; 3.960710;-0.444704;,
        -2.551454; 3.989137;-0.456092;,
        -2.660393; 3.980533;-0.507839;,
        -2.503201; 3.984544;-0.508220;,
        -2.604691; 3.977619;-0.536430;,
        -2.547655; 3.998831;-0.490674;,
        -2.554281; 3.949641;-0.391580;,
        -2.643341; 3.960821;-0.417600;,
        -2.550878; 3.967206;-0.430442;,
        -2.745721; 3.967957;-0.533042;,
        -2.744200; 3.957707;-0.516420;,
        -2.695070; 3.957603;-0.498333;,
        -2.686632; 3.963548;-0.556704;,
        -2.741776; 3.952015;-0.554457;,
        -2.745721; 3.967957;-0.533042;,
        -2.686632; 3.963548;-0.556704;,
        -2.682553; 3.940263;-0.560392;,
        -2.741776; 3.952015;-0.554457;,
        -2.741776; 3.952015;-0.554457;,
        -2.682553; 3.940263;-0.560392;,
        -2.691301; 3.920942;-0.543685;,
        -2.741776; 3.952015;-0.554457;,
        -2.744200; 3.957707;-0.516420;,
        -2.745721; 3.967957;-0.533042;,
        -2.695587; 3.934150;-0.501360;,
        -2.695070; 3.957603;-0.498333;,
        -2.744200; 3.957707;-0.516420;,
        -2.741776; 3.952015;-0.554457;,
        -2.748675; 3.943298;-0.521496;,
        -2.744200; 3.957707;-0.516420;,
        -2.742939; 3.930258;-0.534926;,
        -2.748675; 3.943298;-0.521496;,
        -2.741776; 3.952015;-0.554457;,
        -2.748675; 3.943298;-0.521496;,
        -2.742939; 3.930258;-0.534926;,
        -2.693944; 3.920019;-0.520574;,
        -2.849791; 4.023439;-0.469988;,
        -2.844212; 4.021101;-0.444084;,
        -2.734924; 4.031315;-0.428253;,
        -2.764324; 3.977699;-0.416143;,
        -2.714203; 4.009620;-0.407240;,
        -2.844212; 4.021101;-0.444084;,
        -2.762398; 3.984846;-0.486565;,
        -2.844111; 3.995158;-0.487881;,
        -2.840292; 4.013134;-0.487619;,
        -2.849791; 4.023439;-0.469988;,
        -2.751556; 4.032734;-0.460587;,
        -2.700134; 4.018344;-0.477182;,
        -2.842600; 3.973107;-0.455520;,
        -2.763512; 3.959517;-0.440198;,
        -2.764324; 3.977699;-0.416143;,
        -2.763645; 3.962859;-0.469119;,
        -2.831900; 3.975707;-0.478620;,
        -2.844111; 3.995158;-0.487881;,
        -2.763645; 3.962859;-0.469119;,
        -2.763512; 3.959517;-0.440198;,
        -2.842600; 3.973107;-0.455520;,
        -2.831900; 3.975707;-0.478620;,
        -2.842600; 3.973107;-0.455520;,
        -2.861537; 4.000105;-0.457483;,
        -2.844212; 4.021101;-0.444084;,
        -2.861537; 4.000105;-0.457483;,
        -2.842600; 3.973107;-0.455520;,
        -2.844212; 4.021101;-0.444084;,
        -2.849791; 4.023439;-0.469988;,
        -2.861537; 4.000105;-0.457483;,
        -2.861537; 4.000105;-0.457483;,
        -2.849791; 4.023439;-0.469988;,
        -2.840292; 4.013134;-0.487619;,
        -2.797005; 4.064867;-0.317235;,
        -2.786852; 4.067904;-0.347020;,
        -2.893940; 4.052384;-0.359673;,
        -2.893940; 4.052384;-0.359673;,
        -2.786852; 4.067904;-0.347020;,
        -2.872050; 4.047428;-0.376175;,
        -2.872050; 4.047428;-0.376175;,
        -2.794970; 4.019986;-0.376939;,
        -2.887956; 4.025070;-0.379076;,
        -2.883200; 4.039307;-0.319420;,
        -2.811712; 4.039355;-0.300559;,
        -2.797005; 4.064867;-0.317235;,
        -2.789334; 3.996307;-0.357714;,
        -2.878328; 3.997667;-0.355130;,
        -2.887956; 4.025070;-0.379076;,
        -2.878328; 3.997667;-0.355130;,
        -2.789334; 3.996307;-0.357714;,
        -2.802720; 3.992972;-0.327019;,
        -2.802720; 3.992972;-0.327019;,
        -2.808400; 4.011223;-0.304570;,
        -2.882100; 4.015107;-0.320220;,
        -2.883200; 4.039307;-0.319420;,
        -2.882100; 4.015107;-0.320220;,
        -2.808400; 4.011223;-0.304570;,
        -2.887790; 4.050535;-0.329445;,
        -2.893940; 4.052384;-0.359673;,
        -2.903532; 4.027494;-0.340582;,
        -2.887956; 4.025070;-0.379076;,
