xof 0303txt 0032

template XSkinMeshHeader {
  <3cf169ce-ff7c-44ab-93c0-f78f62d172e2>
  WORD nMaxSkinWeightsPerVertex;
  WORD nMaxSkinWeightsPerFace;
  WORD nBones;
}

template SkinWeights {
  <6f0d123b-bad2-4167-a0d0-80224f25fabb>
  STRING transformNodeName;
  DWORD nWeights;
  array DWORD vertexIndices[nWeights];
  array float weights[nWeights];
  Matrix4x4 matrixOffset;
}

Frame Root {
  FrameTransformMatrix {
     1.000000, 0.000000, 0.000000, 0.000000,
     0.000000,-0.000000, 1.000000, 0.000000,
     0.000000, 1.000000, 0.000000, 0.000000,
     0.000000, 0.000000, 0.000000, 1.000000;;
  }
  Frame metarig {
    FrameTransformMatrix {
       0.793179, 0.000000, 0.000000, 0.000000,
       0.000000, 0.793179,-0.000000, 0.000000,
       0.000000, 0.000000, 0.793179, 0.000000,
       0.000000, 0.046990,-0.065759, 1.000000;;
    }
    Frame metarig_hips {
      FrameTransformMatrix {
         1.000000, 0.000000, 0.000000, 0.000000,
         0.000000,-0.213596, 0.976922, 0.000000,
         0.000000,-0.976922,-0.213597, 0.000000,
        -0.000000, 0.196688, 0.841790, 1.000000;;
      }
      Frame metarig_spine {
        FrameTransformMatrix {
           1.000000,-0.000000,-0.000000, 0.000000,
           0.000000, 0.989658,-0.143448, 0.000000,
           0.000000, 0.143448, 0.989658, 0.000000,
           0.000000, 0.177906,-0.000000, 1.000000;;
        }
        Frame metarig_chest {
          FrameTransformMatrix {
             1.000000,-0.000000,-0.000000, 0.000000,
             0.000000, 0.994381,-0.105864, 0.000000,
             0.000000, 0.105864, 0.994381, 0.000000,
             0.000000, 0.210488, 0.000000, 1.000000;;
          }
          Frame metarig_chest_L {
            FrameTransformMatrix {
              -0.514349, 0.566542, 0.643797, 0.000000,
               0.469477,-0.442211, 0.764226, 0.000000,
               0.717660, 0.695327,-0.038528, 0.000000,
              -0.000000, 0.237351, 0.000000, 1.000000;;
            }
            Frame metarig_chest_L_001 {
              FrameTransformMatrix {
                -0.413598, 0.450507, 0.791189, 0.000000,
                -0.774692, 0.282400,-0.565775, 0.000000,
                -0.478318,-0.846932, 0.232205, 0.000000,
                -0.000000, 0.398305, 0.000000, 1.000000;;
              }
            } // End of metarig_chest_L_001
          } // End of metarig_chest_L
          Frame metarig_chest_R {
            FrameTransformMatrix {
              -0.514349,-0.566542,-0.643797, 0.000000,
              -0.469477,-0.442211, 0.764226, 0.000000,
              -0.717660, 0.695327,-0.038528, 0.000000,
              -0.000000, 0.237351, 0.000000, 1.000000;;
            }
            Frame metarig_chest_R_001 {
              FrameTransformMatrix {
                -0.413598,-0.450507,-0.791189, 0.000000,
                 0.774692, 0.282400,-0.565775, 0.000000,
                 0.478318,-0.846932, 0.232205, 0.000000,
                -0.000000, 0.398304, 0.000000, 1.000000;;
              }
            } // End of metarig_chest_R_001
          } // End of metarig_chest_R
          Frame metarig_neck {
            FrameTransformMatrix {
               1.000000, 0.000000, 0.000000, 0.000000,
              -0.000000, 0.949232, 0.314578, 0.000000,
               0.000000,-0.314578, 0.949232, 0.000000,
              -0.000000, 0.264707, 0.000000, 1.000000;;
            }
            Frame metarig_head {
              FrameTransformMatrix {
                 1.000000, 0.000000, 0.000000, 0.000000,
                 0.000000, 0.959589,-0.281407, 0.000000,
                -0.000000, 0.281407, 0.959589, 0.000000,
                 0.000000, 0.120221,-0.000000, 1.000000;;
              }
            } // End of metarig_head
          } // End of metarig_neck
          Frame metarig_shoulder_L {
            FrameTransformMatrix {
               0.383843,-0.027166, 0.922999, 0.000000,
               0.919677,-0.078399,-0.384769, 0.000000,
               0.082815, 0.996552,-0.005109, 0.000000,
               0.051338, 0.246090, 0.139962, 1.000000;;
            }
            Frame metarig_upper_arm_L {
              FrameTransformMatrix {
                -0.166125,-0.416441,-0.581669, 0.000000,
                 0.214393, 0.540717,-0.448352, 0.000000,
                 0.682494,-0.271222,-0.000742, 0.000000,
                 0.022467, 0.278211, 0.003147, 1.000000;;
              }
              Frame metarig_forearm_L {
                FrameTransformMatrix {
                   0.993347, 0.048880,-0.104273, 0.000000,
                  -0.047272, 0.998723, 0.017838, 0.000000,
                   0.105011,-0.012791, 0.994389, 0.000000,
                  -0.000000, 0.273578, 0.000000, 1.000000;;
                }
                Frame metarig_hand_L {
                  FrameTransformMatrix {
                    -0.012391,-0.039480,-0.999143, 0.000000,
                     0.027709, 0.998823,-0.039811, 0.000000,
                     0.999539,-0.028178,-0.011283, 0.000000,
                     0.000000, 0.361187, 0.000000, 1.000000;;
                  }
                  Frame metarig_palm_01_L {
                    FrameTransformMatrix {
                      -0.263554, 0.964634,-0.004561, 0.000000,
                      -0.964601,-0.263495, 0.010692, 0.000000,
                       0.009112, 0.007218, 0.999932, 0.000000,
                      -0.048306, 0.039749,-0.005259, 1.000000;;
                    }
                    Frame metarig_f_index_01_L {
                      FrameTransformMatrix {
                        -0.175461,-0.976467,-0.125403, 0.000000,
                         0.972144,-0.151743,-0.178635, 0.000000,
                         0.155402,-0.153253, 0.975891, 0.000000,
                         0.069627,-0.000000, 0.000001, 1.000000;;
                      }
                      Frame metarig_f_index_02_L {
                        FrameTransformMatrix {
                           0.999896,-0.007038, 0.012570, 0.000000,
                           0.005002, 0.987866, 0.155231, 0.000000,
                          -0.013510,-0.155152, 0.987798, 0.000000,
                          -0.000000, 0.045039, 0.000000, 1.000000;;
                        }
                        Frame metarig_f_index_03_L {
                          FrameTransformMatrix {
                             0.997688,-0.067496, 0.007876, 0.000000,
                             0.063957, 0.971842, 0.226788, 0.000000,
                            -0.022961,-0.225761, 0.973912, 0.000000,
                            -0.000000, 0.028224, 0.000000, 1.000000;;
                          }
                        } // End of metarig_f_index_03_L
                      } // End of metarig_f_index_02_L
                    } // End of metarig_f_index_01_L
                    Frame metarig_thumb_01_L {
                      FrameTransformMatrix {
                         0.528680, 0.089067,-0.844136, 0.000000,
                         0.794867, 0.296952, 0.529155, 0.000000,
                         0.297798,-0.950729, 0.086196, 0.000000,
                        -0.016033, 0.025053, 0.024516, 1.000000;;
                      }
                      Frame metarig_thumb_02_L {
                        FrameTransformMatrix {
                           0.989123,-0.146646,-0.011447, 0.000000,
                           0.142818, 0.938844, 0.313329, 0.000000,
                          -0.035202,-0.311556, 0.949575, 0.000000,
                           0.000000, 0.041745, 0.000000, 1.000000;;
                        }
                        Frame metarig_thumb_03_L {
                          FrameTransformMatrix {
                             0.996597,-0.082250,-0.005473, 0.000000,
                             0.082385, 0.996071, 0.032498, 0.000000,
                             0.002779,-0.032839, 0.999457, 0.000000,
                            -0.000000, 0.033446,-0.000000, 1.000000;;
                          }
                        } // End of metarig_thumb_03_L
                      } // End of metarig_thumb_02_L
                    } // End of metarig_thumb_01_L
                  } // End of metarig_palm_01_L
                  Frame metarig_palm_02_L {
                    FrameTransformMatrix {
                       0.997847, 0.065044, 0.008389, 0.000000,
                      -0.064855, 0.997670,-0.021153, 0.000000,
                      -0.009745, 0.020563, 0.999741, 0.000000,
                      -0.014005, 0.042079,-0.007701, 1.000000;;
                    }
                    Frame metarig_f_middle_01_L {
                      FrameTransformMatrix {
                         0.996263,-0.069310,-0.051547, 0.000000,
                         0.064952, 0.994523,-0.081888, 0.000000,
                         0.056940, 0.078234, 0.995308, 0.000000,
                         0.000000, 0.068187, 0.000000, 1.000000;;
                      }
                      Frame metarig_f_middle_02_L {
                        FrameTransformMatrix {
                           0.996959,-0.033200, 0.070503, 0.000000,
                           0.015646, 0.971561, 0.236272, 0.000000,
                          -0.076343,-0.234450, 0.969126, 0.000000,
                          -0.000000, 0.049541, 0.000000, 1.000000;;
                        }
                        Frame metarig_f_middle_03_L {
                          FrameTransformMatrix {
                             0.998387,-0.042549, 0.037597, 0.000000,
                             0.037875, 0.992372, 0.117316, 0.000000,
                            -0.042302,-0.115702, 0.992383, 0.000000,
                             0.000000, 0.032196, 0.000000, 1.000000;;
                          }
                        } // End of metarig_f_middle_03_L
                      } // End of metarig_f_middle_02_L
                    } // End of metarig_f_middle_01_L
                  } // End of metarig_palm_02_L
                  Frame metarig_palm_03_L {
                    FrameTransformMatrix {
                       0.996926,-0.063830, 0.045439, 0.000000,
                       0.065755, 0.996943,-0.042195, 0.000000,
                      -0.042606, 0.045053, 0.998076, 0.000000,
                       0.009395, 0.040036,-0.006947, 1.000000;;
                    }
                    Frame metarig_f_ring_01_L {
                      FrameTransformMatrix {
                         0.998792, 0.026969, 0.041067, 0.000000,
                        -0.029322, 0.997897, 0.057804, 0.000000,
                        -0.039421,-0.058938, 0.997483, 0.000000,
                        -0.000000, 0.069797,-0.000000, 1.000000;;
                      }
                      Frame metarig_f_ring_02_L {
                        FrameTransformMatrix {
                           0.998272,-0.044355, 0.038540, 0.000000,
                           0.038163, 0.988142, 0.148724, 0.000000,
                          -0.044680,-0.146996, 0.988128, 0.000000,
                           0.000000, 0.044817, 0.000000, 1.000000;;
                        }
                        Frame metarig_f_ring_03_L {
                          FrameTransformMatrix {
                             0.993890,-0.085250, 0.070107, 0.000000,
                             0.059310, 0.948178, 0.312155, 0.000000,
                            -0.093085,-0.306090, 0.947441, 0.000000,
                             0.000000, 0.031801,-0.000000, 1.000000;;
                          }
                        } // End of metarig_f_ring_03_L
                      } // End of metarig_f_ring_02_L
                    } // End of metarig_f_ring_01_L
                  } // End of metarig_palm_03_L
                  Frame metarig_palm_04_L {
                    FrameTransformMatrix {
                       0.981906,-0.188481, 0.018319, 0.000000,
                       0.188535, 0.982066,-0.001254, 0.000000,
                      -0.017754, 0.004685, 0.999831, 0.000000,
                       0.024147, 0.035993,-0.004566, 1.000000;;
                    }
                    Frame metarig_f_pinky_01_L {
                      FrameTransformMatrix {
                         0.976383, 0.060042, 0.207537, 0.000000,
                        -0.102375, 0.974494, 0.199703, 0.000000,
                        -0.190253,-0.216233, 0.957626, 0.000000,
                         0.000000, 0.074802,-0.000000, 1.000000;;
                      }
                      Frame metarig_f_pinky_02_L {
                        FrameTransformMatrix {
                           0.999244,-0.033328, 0.020035, 0.000000,
                           0.031456, 0.995675, 0.087415, 0.000000,
                          -0.022861,-0.086719, 0.995970, 0.000000,
                          -0.000000, 0.027876,-0.000000, 1.000000;;
                        }
                        Frame metarig_f_pinky_03_L {
                          FrameTransformMatrix {
                             0.999089,-0.032677, 0.027458, 0.000000,
                             0.027462, 0.984619, 0.172543, 0.000000,
                            -0.032674,-0.171632, 0.984619, 0.000000,
                             0.000000, 0.022592,-0.000000, 1.000000;;
                          }
                        } // End of metarig_f_pinky_03_L
                      } // End of metarig_f_pinky_02_L
                    } // End of metarig_f_pinky_01_L
                  } // End of metarig_palm_04_L
                } // End of metarig_hand_L
              } // End of metarig_forearm_L
            } // End of metarig_upper_arm_L
          } // End of metarig_shoulder_L
          Frame metarig_shoulder_R {
            FrameTransformMatrix {
               0.383843, 0.027166,-0.922999, 0.000000,
              -0.919677,-0.078399,-0.384769, 0.000000,
              -0.082815, 0.996552,-0.005109, 0.000000,
              -0.051338, 0.246090, 0.139962, 1.000000;;
            }
            Frame metarig_upper_arm_R {
              FrameTransformMatrix {
                -0.207762, 0.518553, 0.829419, 0.000000,
                -0.308133, 0.770059,-0.558626, 0.000000,
                -0.928380,-0.371633,-0.000206, 0.000000,
                -0.022467, 0.278211, 0.003147, 1.000000;;
              }
              Frame metarig_forearm_R {
                FrameTransformMatrix {
                   0.998233,-0.003756, 0.059301, 0.000000,
                   0.003063, 0.999926, 0.011778, 0.000000,
                  -0.059341,-0.011575, 0.998171, 0.000000,
                   0.000000, 0.273578, 0.000000, 1.000000;;
                }
                Frame metarig_WeaponHandle {
                  FrameTransformMatrix {
                     0.014343, 0.999702,-0.019733, 0.000000,
                    -0.087683, 0.020916, 0.995929, 0.000000,
                     0.996045,-0.012555, 0.087957, 0.000000,
                     0.000000, 0.354830, 0.000000, 1.000000;;
                  }
                  Frame metarig_WeaponForward1 {
                    FrameTransformMatrix {
                      -0.000001, 1.000000, 0.000000, 0.000000,
                      -1.000000,-0.000001,-0.000000, 0.000000,
                      -0.000000,-0.000000, 1.000000, 0.000000,
                      -0.000000, 0.863474, 0.000000, 1.000000;;
                    }
                  } // End of metarig_WeaponForward1
                  Frame metarig_WeaponForward2 {
                    FrameTransformMatrix {
                      -0.034996,-0.999387,-0.000000, 0.000000,
                       0.999387,-0.034996, 0.000000, 0.000000,
                      -0.000000,-0.000000, 1.000000, 0.000000,
                      -0.000000, 0.863474, 0.000000, 1.000000;;
                    }
                  } // End of metarig_WeaponForward2
                } // End of metarig_WeaponHandle
                Frame metarig_hand_R {
                  FrameTransformMatrix {
                    -0.084892, 0.007678, 0.996361, 0.000000,
                    -0.014731, 0.999852,-0.008960, 0.000000,
                    -0.996281,-0.015438,-0.084767, 0.000000,
                     0.000000, 0.354830, 0.000000, 1.000000;;
                  }
                  Frame metarig_palm_01_R {
                    FrameTransformMatrix {
                       0.263557, 0.964633,-0.004563, 0.000000,
                       0.964601,-0.263497, 0.010707, 0.000000,
                       0.009126,-0.007223,-0.999932, 0.000000,
                       0.048306, 0.039748,-0.005258, 1.000000;;
                    }
                    Frame metarig_f_index_01_R {
                      FrameTransformMatrix {
                         0.173450, 0.976919,-0.124675, 0.000000,
                         0.972420,-0.149840, 0.178737, 0.000000,
                         0.155930,-0.152239,-0.975966, 0.000000,
                         0.069626, 0.000000, 0.000000, 1.000000;;
                      }
                      Frame metarig_f_index_02_R {
                        FrameTransformMatrix {
                           0.999848, 0.012692,-0.011986, 0.000000,
                          -0.010667, 0.987694, 0.156034, 0.000000,
                           0.013819,-0.155882, 0.987679, 0.000000,
                          -0.000000, 0.045049, 0.000000, 1.000000;;
                        }
                        Frame metarig_f_index_03_R {
                          FrameTransformMatrix {
                             0.997918, 0.063997,-0.007964, 0.000000,
                            -0.060539, 0.972160, 0.226363, 0.000000,
                             0.022229,-0.225410, 0.974010, 0.000000,
                             0.000000, 0.028218, 0.000000, 1.000000;;
                          }
                        } // End of metarig_f_index_03_R
                      } // End of metarig_f_index_02_R
                    } // End of metarig_f_index_01_R
                    Frame metarig_thumb_01_R {
                      FrameTransformMatrix {
                        -0.528671,-0.089073,-0.844141, 0.000000,
                         0.794871, 0.296953,-0.529148, 0.000000,
                         0.297803,-0.950729,-0.086189, 0.000000,
                        -0.016033, 0.025053,-0.024516, 1.000000;;
                      }
                      Frame metarig_thumb_02_R {
                        FrameTransformMatrix {
                           0.989124, 0.146643, 0.011432, 0.000000,
                          -0.142810, 0.938845, 0.313329, 0.000000,
                           0.035214,-0.311554, 0.949576, 0.000000,
                          -0.000000, 0.041745,-0.000000, 1.000000;;
                        }
                        Frame metarig_thumb_03_R {
                          FrameTransformMatrix {
                             0.996598, 0.082234, 0.005455, 0.000000,
                            -0.082368, 0.996072, 0.032493, 0.000000,
                            -0.002762,-0.032832, 0.999457, 0.000000,
                             0.000000, 0.033446,-0.000000, 1.000000;;
                          }
                        } // End of metarig_thumb_03_R
                      } // End of metarig_thumb_02_R
                    } // End of metarig_thumb_01_R
                  } // End of metarig_palm_01_R
                  Frame metarig_palm_02_R {
                    FrameTransformMatrix {
                       0.997847,-0.065047,-0.008374, 0.000000,
                       0.064858, 0.997670,-0.021167, 0.000000,
                       0.009732, 0.020578, 0.999741, 0.000000,
                       0.014005, 0.042079,-0.007700, 1.000000;;
                    }
                    Frame metarig_f_middle_01_R {
                      FrameTransformMatrix {
                         0.996432, 0.067499, 0.050673, 0.000000,
                        -0.063210, 0.994632,-0.081930, 0.000000,
                        -0.055931, 0.078435, 0.995349, 0.000000,
                         0.000000, 0.068187,-0.000000, 1.000000;;
                      }
                      Frame metarig_f_middle_02_R {
                        FrameTransformMatrix {
                           0.996837, 0.038205,-0.069690, 0.000000,
                          -0.020686, 0.971377, 0.236640, 0.000000,
                           0.076737,-0.234450, 0.969095, 0.000000,
                          -0.000000, 0.049549, 0.000000, 1.000000;;
                        }
                        Frame metarig_f_middle_03_R {
                          FrameTransformMatrix {
                             0.998511, 0.039460,-0.037673, 0.000000,
                            -0.034795, 0.992483, 0.117330, 0.000000,
                             0.042020,-0.115845, 0.992378, 0.000000,
                             0.000000, 0.032191, 0.000000, 1.000000;;
                          }
                        } // End of metarig_f_middle_03_R
                      } // End of metarig_f_middle_02_R
                    } // End of metarig_f_middle_01_R
                  } // End of metarig_palm_02_R
                  Frame metarig_palm_03_R {
                    FrameTransformMatrix {
                       0.996831, 0.065254,-0.045487, 0.000000,
                      -0.067180, 0.996848,-0.042198, 0.000000,
                       0.042590, 0.045121, 0.998073, 0.000000,
                      -0.009295, 0.040046,-0.006947, 1.000000;;
                    }
                    Frame metarig_f_ring_01_R {
                      FrameTransformMatrix {
                         0.998752,-0.028396,-0.041080, 0.000000,
                         0.030750, 0.997851, 0.057871, 0.000000,
                         0.039349,-0.059062, 0.997478, 0.000000,
                         0.000000, 0.069794, 0.000000, 1.000000;;
                      }
                      Frame metarig_f_ring_02_R {
                        FrameTransformMatrix {
                           0.998273, 0.044354,-0.038514, 0.000000,
                          -0.038168, 0.988146, 0.148694, 0.000000,
                           0.044653,-0.146967, 0.988133, 0.000000,
                           0.000000, 0.044816,-0.000000, 1.000000;;
                        }
                        Frame metarig_f_ring_03_R {
                          FrameTransformMatrix {
                             0.993883, 0.085278,-0.070176, 0.000000,
                            -0.059307, 0.948150, 0.312240, 0.000000,
                             0.093165,-0.306168, 0.947408, 0.000000,
                             0.000000, 0.031801, 0.000000, 1.000000;;
                          }
                        } // End of metarig_f_ring_03_R
                      } // End of metarig_f_ring_02_R
                    } // End of metarig_f_ring_01_R
                  } // End of metarig_palm_03_R
                  Frame metarig_palm_04_R {
                    FrameTransformMatrix {
                       0.981907, 0.188478,-0.018309, 0.000000,
                      -0.188532, 0.982066,-0.001270, 0.000000,
                       0.017741, 0.004698, 0.999831, 0.000000,
                      -0.024148, 0.035993,-0.004566, 1.000000;;
                    }
                    Frame metarig_f_pinky_01_R {
                      FrameTransformMatrix {
                         0.976377,-0.060031,-0.207567, 0.000000,
                         0.102377, 0.974487, 0.199737, 0.000000,
                         0.190281,-0.216269, 0.957612, 0.000000,
                         0.000000, 0.074802, 0.000000, 1.000000;;
                      }
                      Frame metarig_f_pinky_02_R {
                        FrameTransformMatrix {
                           0.999245, 0.033318,-0.019989, 0.000000,
                          -0.031452, 0.995680, 0.087363, 0.000000,
                           0.022814,-0.086668, 0.995976, 0.000000,
                           0.000000, 0.027876,-0.000000, 1.000000;;
                        }
                        Frame metarig_f_pinky_03_R {
                          FrameTransformMatrix {
                             0.999089, 0.032683,-0.027441, 0.000000,
                            -0.027472, 0.984621, 0.172528, 0.000000,
                             0.032658,-0.171617, 0.984622, 0.000000,
                            -0.000000, 0.022592,-0.000000, 1.000000;;
                          }
                        } // End of metarig_f_pinky_03_R
                      } // End of metarig_f_pinky_02_R
                    } // End of metarig_f_pinky_01_R
                  } // End of metarig_palm_04_R
                } // End of metarig_hand_R
              } // End of metarig_forearm_R
            } // End of metarig_upper_arm_R
          } // End of metarig_shoulder_R
        } // End of metarig_chest
      } // End of metarig_spine
      Frame metarig_thigh_L {
        FrameTransformMatrix {
           0.999164,-0.039288, 0.011271, 0.000000,
          -0.040870,-0.963742, 0.263687, 0.000000,
           0.000504,-0.263927,-0.964539, 0.000000,
           0.119317, 0.128460, 0.023328, 1.000000;;
        }
        Frame metarig_shin_L {
          FrameTransformMatrix {
             0.996610,-0.081646,-0.010081, 0.000000,
             0.081396, 0.996413,-0.023124, 0.000000,
             0.011933, 0.022225, 0.999682, 0.000000,
            -0.000000, 0.448255,-0.000000, 1.000000;;
          }
          Frame metarig_foot_L {
            FrameTransformMatrix {
               0.990647,-0.064764, 0.120099, 0.000000,
               0.123594, 0.798860,-0.588682, 0.000000,
              -0.057817, 0.598020, 0.799393, 0.000000,
               0.000000, 0.263270,-0.000000, 1.000000;;
            }
            Frame metarig_toe_L {
              FrameTransformMatrix {
                 0.550370,-0.588952,-0.591801, 0.000000,
                -0.116231, 0.647863,-0.752837, 0.000000,
                 0.826791, 0.483124, 0.288110, 0.000000,
                 0.000000, 0.210975, 0.000000, 1.000000;;
              }
            } // End of metarig_toe_L
          } // End of metarig_foot_L
          Frame metarig_heel_L {
            FrameTransformMatrix {
              -0.994832,-0.082163,-0.059660, 0.000000,
              -0.095903, 0.953340, 0.286262, 0.000000,
               0.033356, 0.290504,-0.956292, 0.000000,
               0.000000, 0.263270,-0.000000, 1.000000;;
            }
            Frame metarig_heel_02_L {
              FrameTransformMatrix {
                 0.057673,-0.535446, 0.842598, 0.000000,
                -0.997968,-0.053817, 0.034108, 0.000000,
                 0.027083,-0.842853,-0.537462, 0.000000,
                 0.026955, 0.116559, 0.043069, 1.000000;;
              }
            } // End of metarig_heel_02_L
          } // End of metarig_heel_L
        } // End of metarig_shin_L
      } // End of metarig_thigh_L
      Frame metarig_thigh_R {
        FrameTransformMatrix {
           0.998583, 0.051189,-0.014515, 0.000000,
           0.053204,-0.963736, 0.261500, 0.000000,
          -0.000604,-0.261902,-0.965090, 0.000000,
          -0.119317, 0.121781, 0.026943, 1.000000;;
        }
        Frame metarig_shin_R {
          FrameTransformMatrix {
             0.995877, 0.090096, 0.010522, 0.000000,
            -0.089893, 0.995782,-0.018397, 0.000000,
            -0.012135, 0.017375, 0.999775, 0.000000,
             0.000000, 0.445965, 0.000000, 1.000000;;
          }
          Frame metarig_foot_R {
            FrameTransformMatrix {
               0.986006, 0.091782,-0.139166, 0.000000,
              -0.156753, 0.794578,-0.586578, 0.000000,
               0.056742, 0.600185, 0.797846, 0.000000,
               0.000000, 0.255687,-0.000000, 1.000000;;
            }
            Frame metarig_toe_R {
              FrameTransformMatrix {
                -0.933418, 0.338456, 0.119073, 0.000000,
                 0.135936, 0.640735,-0.755633, 0.000000,
                -0.332043,-0.689134,-0.644082, 0.000000,
                 0.000000, 0.215561, 0.000000, 1.000000;;
              }
            } // End of metarig_toe_R
          } // End of metarig_foot_R
          Frame metarig_heel_R {
            FrameTransformMatrix {
              -0.997674, 0.054569, 0.040852, 0.000000,
               0.063520, 0.961695, 0.266662, 0.000000,
              -0.024736, 0.268637,-0.962924, 0.000000,
               0.000000, 0.255687,-0.000000, 1.000000;;
            }
            Frame metarig_heel_02_R {
              FrameTransformMatrix {
                 0.032887, 0.523946,-0.851116, 0.000000,
                 0.999418,-0.024970, 0.023246, 0.000000,
                -0.009073,-0.851385,-0.524462, 0.000000,
                -0.029369, 0.134577, 0.050071, 1.000000;;
              }
            } // End of metarig_heel_02_R
          } // End of metarig_heel_R
        } // End of metarig_shin_R
      } // End of metarig_thigh_R
    } // End of metarig_hips
    Frame eri {
      FrameTransformMatrix {
         1.260749, 0.000000, 0.000000, 0.000000,
         0.000000, 1.260749, 0.000000, 0.000000,
         0.000000,-0.000000, 1.260749, 0.000000,
         0.000000,-0.059243, 0.082905, 1.000000;;
      }
      Mesh { // eri mesh
        13374;
        -0.053926; 0.050443; 0.189212;,
        -0.073750; 0.000651; 0.182374;,
        -0.078189; 0.003193; 0.157788;,
        -0.073750; 0.000651; 0.182374;,
        -0.121298;-0.032934; 0.183722;,
        -0.124878;-0.034115; 0.160388;,
        -0.121298;-0.032934; 0.183722;,
        -0.183955;-0.030571; 0.186180;,
        -0.185781;-0.027742; 0.160435;,
        -0.183955;-0.030571; 0.186180;,
        -0.220046; 0.020025; 0.198319;,
        -0.216466; 0.019734; 0.158520;,
        -0.224911; 0.076814; 0.188602;,
        -0.225488; 0.072438; 0.159040;,
        -0.216466; 0.019734; 0.158520;,
        -0.200914; 0.127231; 0.195794;,
        -0.204829; 0.125071; 0.162847;,
        -0.225488; 0.072438; 0.159040;,
        -0.155240; 0.168108; 0.188048;,
        -0.156601; 0.167571; 0.162161;,
        -0.204829; 0.125071; 0.162847;,
        -0.095385; 0.150133; 0.190916;,
        -0.099493; 0.155003; 0.161192;,
        -0.156601; 0.167571; 0.162161;,
        -0.061505; 0.103858; 0.183522;,
        -0.070491; 0.104555; 0.156984;,
        -0.099493; 0.155003; 0.161192;,
        -0.070491; 0.104555; 0.156984;,
        -0.061505; 0.103858; 0.183522;,
        -0.053926; 0.050443; 0.189212;,
        -0.053926; 0.050443; 0.189212;,
        -0.075361; 0.003587; 0.203131;,
        -0.073750; 0.000651; 0.182374;,
        -0.075361; 0.003587; 0.203131;,
        -0.123540;-0.024607; 0.205381;,
        -0.121298;-0.032934; 0.183722;,
        -0.179531;-0.023404; 0.207083;,
        -0.183955;-0.030571; 0.186180;,
        -0.121298;-0.032934; 0.183722;,
        -0.200914; 0.127231; 0.195794;,
        -0.153701; 0.161162; 0.208474;,
        -0.155240; 0.168108; 0.188048;,
        -0.046180; 0.048091; 0.287860;,
        -0.071852; 0.001904; 0.287387;,
        -0.075361; 0.003587; 0.203131;,
        -0.179531;-0.023404; 0.207083;,
        -0.213780; 0.017944; 0.287340;,
        -0.220046; 0.020025; 0.198319;,
        -0.213780; 0.017944; 0.287340;,
        -0.216179; 0.073190; 0.287860;,
        -0.224911; 0.076814; 0.188602;,
        -0.216179; 0.073190; 0.287860;,
        -0.192226; 0.119808; 0.288309;,
        -0.200914; 0.127231; 0.195794;,
        -0.192226; 0.119808; 0.288309;,
        -0.147220; 0.151136; 0.288664;,
        -0.153701; 0.161162; 0.208474;,
        -0.089002; 0.147198; 0.288687;,
        -0.095385; 0.150133; 0.190916;,
        -0.153701; 0.161162; 0.208474;,
        -0.043004; 0.102750; 0.385107;,
        -0.061505; 0.103858; 0.183522;,
        -0.095385; 0.150133; 0.190916;,
        -0.061505; 0.103858; 0.183522;,
        -0.043004; 0.102750; 0.385107;,
        -0.046180; 0.048091; 0.287860;,
        -0.034872; 0.047169; 0.390795;,
        -0.061154;-0.002138; 0.390281;,
        -0.071852; 0.001904; 0.287387;,
        -0.061154;-0.002138; 0.390281;,
        -0.110171;-0.027701; 0.391210;,
        -0.123540;-0.024607; 0.205381;,
        -0.110171;-0.027701; 0.391210;,
        -0.166724;-0.024110; 0.399524;,
        -0.179531;-0.023404; 0.207083;,
        -0.210241; 0.016074; 0.394382;,
        -0.213780; 0.017944; 0.287340;,
        -0.179531;-0.023404; 0.207083;,
        -0.215243; 0.073421; 0.386515;,
        -0.216179; 0.073190; 0.287860;,
        -0.213780; 0.017944; 0.287340;,
        -0.189211; 0.122773; 0.392988;,
        -0.192226; 0.119808; 0.288309;,
        -0.216179; 0.073190; 0.287860;,
        -0.141010; 0.152724; 0.398640;,
        -0.147220; 0.151136; 0.288664;,
        -0.192226; 0.119808; 0.288309;,
        -0.083374; 0.147951; 0.387841;,
        -0.089002; 0.147198; 0.288687;,
        -0.147220; 0.151136; 0.288664;,
        -0.079228; 0.144584; 0.408523;,
        -0.083374; 0.147951; 0.387841;,
        -0.141010; 0.152724; 0.398640;,
        -0.046661;-0.024969; 0.503537;,
        -0.061154;-0.002138; 0.390281;,
        -0.034872; 0.047169; 0.390795;,
        -0.106270;-0.043999; 0.493058;,
        -0.110171;-0.027701; 0.391210;,
        -0.061154;-0.002138; 0.390281;,
        -0.168682;-0.038066; 0.512848;,
        -0.166724;-0.024110; 0.399524;,
        -0.110171;-0.027701; 0.391210;,
        -0.216664; 0.005700; 0.510789;,
        -0.210241; 0.016074; 0.394382;,
        -0.166724;-0.024110; 0.399524;,
        -0.216664; 0.005700; 0.510789;,
        -0.221026; 0.073049; 0.515103;,
        -0.215243; 0.073421; 0.386515;,
        -0.221026; 0.073049; 0.515103;,
        -0.197402; 0.130835; 0.517376;,
        -0.189211; 0.122773; 0.392988;,
        -0.197402; 0.130835; 0.517376;,
        -0.141849; 0.160302; 0.467602;,
        -0.141010; 0.152724; 0.398640;,
        -0.141849; 0.160302; 0.467602;,
        -0.080230; 0.145407; 0.464623;,
        -0.079228; 0.144584; 0.408523;,
        -0.080230; 0.145407; 0.464623;,
        -0.037337; 0.102048; 0.462022;,
        -0.043004; 0.102750; 0.385107;,
        -0.034872; 0.047169; 0.390795;,
        -0.043004; 0.102750; 0.385107;,
        -0.037337; 0.102048; 0.462022;,
        -0.139844; 0.172547; 0.517957;,
        -0.141849; 0.160302; 0.467602;,
        -0.197402; 0.130835; 0.517376;,
        -0.139844; 0.172547; 0.517957;,
        -0.071673; 0.157330; 0.512685;,
        -0.080230; 0.145407; 0.464623;,
        -0.071673; 0.157330; 0.512685;,
        -0.027884; 0.107096; 0.508477;,
        -0.037337; 0.102048; 0.462022;,
        -0.025306; 0.041861; 0.460533;,
        -0.037337; 0.102048; 0.462022;,
        -0.027884; 0.107096; 0.508477;,
        -0.016794; 0.052439; 0.531668;,
        -0.036791;-0.032662; 0.554211;,
        -0.046661;-0.024969; 0.503537;,
        -0.100639;-0.053164; 0.546799;,
        -0.106270;-0.043999; 0.493058;,
        -0.046661;-0.024969; 0.503537;,
        -0.176651;-0.039558; 0.554978;,
        -0.168682;-0.038066; 0.512848;,
        -0.106270;-0.043999; 0.493058;,
        -0.226025; 0.017012; 0.561456;,
        -0.216664; 0.005700; 0.510789;,
        -0.168682;-0.038066; 0.512848;,
        -0.222588; 0.087368; 0.562827;,
        -0.221026; 0.073049; 0.515103;,
        -0.216664; 0.005700; 0.510789;,
        -0.196249; 0.159211; 0.602703;,
        -0.197402; 0.130835; 0.517376;,
        -0.221026; 0.073049; 0.515103;,
        -0.142387; 0.198899; 0.557295;,
        -0.139844; 0.172547; 0.517957;,
        -0.197402; 0.130835; 0.517376;,
        -0.142387; 0.198899; 0.557295;,
        -0.056241; 0.205343; 0.548572;,
        -0.071673; 0.157330; 0.512685;,
        -0.056241; 0.205343; 0.548572;,
        -0.019936; 0.126717; 0.542898;,
        -0.027884; 0.107096; 0.508477;,
        -0.016794; 0.052439; 0.531668;,
        -0.027884; 0.107096; 0.508477;,
        -0.019936; 0.126717; 0.542898;,
        -0.096691;-0.059159; 0.578822;,
        -0.100639;-0.053164; 0.546799;,
        -0.036791;-0.032662; 0.554211;,
        -0.176007;-0.032863; 0.591385;,
        -0.176651;-0.039558; 0.554978;,
        -0.100639;-0.053164; 0.546799;,
        -0.221084; 0.027109; 0.602520;,
        -0.226025; 0.017012; 0.561456;,
        -0.176651;-0.039558; 0.554978;,
        -0.223018; 0.097429; 0.605594;,
        -0.222588; 0.087368; 0.562827;,
        -0.226025; 0.017012; 0.561456;,
        -0.140883; 0.213077; 0.593915;,
        -0.142387; 0.198899; 0.557295;,
        -0.196249; 0.159211; 0.602703;,
        -0.140883; 0.213077; 0.593915;,
        -0.048114; 0.233414; 0.576492;,
        -0.056241; 0.205343; 0.548572;,
        -0.048114; 0.233414; 0.576492;,
        -0.010836; 0.147678; 0.573578;,
        -0.019936; 0.126717; 0.542898;,
        -0.016794; 0.052439; 0.531668;,
        -0.019936; 0.126717; 0.542898;,
        -0.010836; 0.147678; 0.573578;,
        -0.010836; 0.147678; 0.573578;,
        -0.048114; 0.233414; 0.576492;,
        -0.039055; 0.240825; 0.594317;,
        -0.048114; 0.233414; 0.576492;,
        -0.140883; 0.213077; 0.593915;,
        -0.117682; 0.219739; 0.635598;,
        -0.196249; 0.159211; 0.602703;,
        -0.171996; 0.168321; 0.662721;,
        -0.117682; 0.219739; 0.635598;,
        -0.223018; 0.097429; 0.605594;,
        -0.202702; 0.098687; 0.670999;,
        -0.171996; 0.168321; 0.662721;,
        -0.221084; 0.027109; 0.602520;,
        -0.199201; 0.022481; 0.662321;,
        -0.202702; 0.098687; 0.670999;,
        -0.150584;-0.035002; 0.639931;,
        -0.176007;-0.032863; 0.591385;,
        -0.096691;-0.059159; 0.578822;,
        -0.176007;-0.032863; 0.591385;,
        -0.150584;-0.035002; 0.639931;,
        -0.199201; 0.022481; 0.662321;,
        -0.006397; 0.069140; 0.566057;,
        -0.028994;-0.036622; 0.576657;,
        -0.036791;-0.032662; 0.554211;,
        -0.036791;-0.032662; 0.554211;,
        -0.028994;-0.036622; 0.576657;,
        -0.096691;-0.059159; 0.578822;,
        -0.096691;-0.059159; 0.578822;,
        -0.077258;-0.065266; 0.619116;,
        -0.150584;-0.035002; 0.639931;,
        -0.028994;-0.036622; 0.576657;,
        -0.025127;-0.057210; 0.603750;,
        -0.077258;-0.065266; 0.619116;,
        -0.025127;-0.057210; 0.603750;,
        -0.024304;-0.075470; 0.632497;,
        -0.073190;-0.063837; 0.646790;,
        -0.024304;-0.075470; 0.632497;,
        -0.026559;-0.072212; 0.664199;,
        -0.073190;-0.063837; 0.646790;,
        -0.026559;-0.072212; 0.664199;,
        -0.026524;-0.061578; 0.695382;,
        -0.067233;-0.053988; 0.699022;,
        -0.140927;-0.034406; 0.676604;,
        -0.150584;-0.035002; 0.639931;,
        -0.077258;-0.065266; 0.619116;,
        -0.138341;-0.027421; 0.708715;,
        -0.140927;-0.034406; 0.676604;,
        -0.073190;-0.063837; 0.646790;,
        -0.193587; 0.017442; 0.689661;,
        -0.199201; 0.022481; 0.662321;,
        -0.150584;-0.035002; 0.639931;,
        -0.185148; 0.014807; 0.713556;,
        -0.193587; 0.017442; 0.689661;,
        -0.140927;-0.034406; 0.676604;,
        -0.193587; 0.017442; 0.689661;,
        -0.203961; 0.094771; 0.695434;,
        -0.202702; 0.098687; 0.670999;,
        -0.185148; 0.014807; 0.713556;,
        -0.196523; 0.092631; 0.709070;,
        -0.203961; 0.094771; 0.695434;,
        -0.203961; 0.094771; 0.695434;,
        -0.162467; 0.174163; 0.693224;,
